2 12	25.0	5	20
3 11	30.0	6	20
4 10	25.0	5	20
57 87	35.0	7	20
58 86	35.0	7	20
59 85	35.0	7	20
60 84	35.0	7	20
61 83	30.0	6	20
62 82	30.0	6	20
63 81	30.0	6	20
64 80	30.0	6	20
65 79	30.0	6	20
66 78	25.0	5	20
176 192	5.0	1	20
177 191	5.0	1	20
178 190	5.0	1	20
179 189	5.0	1	20
180 188	5.0	1	20
181 187	5.0	1	20
182 186	5.0	1	20
198 270	5.0	1	20
199 269	5.0	1	20
200 268	5.0	1	20
201 267	5.0	1	20
202 266	5.0	1	20
204 264	5.0	1	20
205 263	5.0	1	20
206 262	5.0	1	20
209 257	10.0	2	20
210 256	15.0	3	20
211 255	15.0	3	20
212 254	20.0	4	20
213 253	20.0	4	20
214 252	10.0	2	20
215 251	15.0	3	20
216 250	10.0	2	20
217 249	10.0	2	20
218 247	10.0	2	20
219 246	10.0	2	20
220 245	15.0	3	20
221 244	15.0	3	20
222 243	15.0	3	20
223 240	5.0	1	20
224 239	10.0	2	20
225 238	10.0	2	20
226 237	10.0	2	20
227 236	10.0	2	20
276 294	5.0	1	20
277 293	5.0	1	20
278 292	5.0	1	20
279 291	5.0	1	20
280 289	5.0	1	20
313 342	5.0	1	20
314 341	5.0	1	20
315 340	5.0	1	20
316 339	5.0	1	20
317 338	5.0	1	20
319 336	5.0	1	20
320 335	5.0	1	20
321 334	5.0	1	20
322 333	5.0	1	20
323 332	5.0	1	20
324 331	5.0	1	20
325 330	5.0	1	20
351 383	5.0	1	20
352 382	5.0	1	20
353 381	5.0	1	20
354 380	5.0	1	20
355 379	5.0	1	20
356 377	5.0	1	20
357 376	5.0	1	20
358 375	5.0	1	20
359 374	5.0	1	20
361 372	5.0	1	20
362 371	5.0	1	20
1072 1182	5.0	1	20
1073 1181	5.0	1	20
1075 1179	5.0	1	20
1077 1176	5.0	1	20
1078 1175	5.0	1	20
5630 5664	5.0	1	20
5631 5663	5.0	1	20
5632 5662	5.0	1	20
5633 5661	5.0	1	20
5636 5658	5.0	1	20
5638 5657	5.0	1	20
5639 5656	5.0	1	20
5640 5655	5.0	1	20
5641 5654	5.0	1	20
5642 5653	5.0	1	20
5643 5652	5.0	1	20
5644 5651	5.0	1	20
5645 5650	5.0	1	20
5666 5689	5.0	1	20
5667 5688	5.0	1	20
5668 5687	5.0	1	20
5669 5686	5.0	1	20
5670 5685	5.0	1	20
5671 5684	5.0	1	20
5673 5682	5.0	1	20
5674 5681	5.0	1	20
5675 5680	5.0	1	20
6594 6646	5.0	1	20
6595 6645	5.0	1	20
6596 6644	5.0	1	20
6597 6642	5.0	1	20
6598 6641	5.0	1	20
6599 6640	5.0	1	20
6600 6637	5.0	1	20
6601 6636	5.0	1	20
6603 6634	5.0	1	20
6604 6633	5.0	1	20
6607 6630	5.0	1	20
6608 6629	5.0	1	20
6609 6628	5.0	1	20
6610 6627	5.0	1	20
6611 6626	5.0	1	20
6612 6625	5.0	1	20
6613 6624	5.0	1	20
6614 6623	5.0	1	20
6615 6622	5.0	1	20
6653 6671	5.0	1	20
6654 6670	5.0	1	20
6655 6669	5.0	1	20
6656 6668	5.0	1	20
6657 6667	5.0	1	20
7234 7319	5.0	1	20
7235 7318	5.0	1	20
7236 7317	5.0	1	20
7237 7316	5.0	1	20
7239 7314	5.0	1	20
7240 7313	5.0	1	20
7241 7312	5.0	1	20
7242 7311	5.0	1	20
7243 7310	5.0	1	20
7244 7309	5.0	1	20
7246 7289	5.0	1	20
7247 7288	5.0	1	20
7248 7287	5.0	1	20
7249 7286	5.0	1	20
7251 7284	5.0	1	20
7252 7283	5.0	1	20
7253 7282	5.0	1	20
7254 7281	5.0	1	20
7255 7280	5.0	1	20
7256 7279	5.0	1	20
7257 7278	5.0	1	20
7258 7277	5.0	1	20
7293 7307	5.0	1	20
7294 7306	5.0	1	20
7295 7305	5.0	1	20
7296 7304	5.0	1	20
7297 7303	5.0	1	20
7298 7302	5.0	1	20
7892 7992	5.0	1	20
7893 7991	5.0	1	20
7894 7990	5.0	1	20
7895 7989	5.0	1	20
7896 7988	5.0	1	20
7897 7987	5.0	1	20
7898 7986	5.0	1	20
7899 7985	5.0	1	20
7900 7984	5.0	1	20
7901 7983	5.0	1	20
7902 7982	5.0	1	20
7904 7980	5.0	1	20
7905 7979	5.0	1	20
7908 7976	5.0	1	20
7909 7975	5.0	1	20
7910 7974	5.0	1	20
7915 7967	5.0	1	20
7916 7966	5.0	1	20
7917 7965	5.0	1	20
7918 7964	5.0	1	20
8427 8462	5.0	1	20
8428 8461	5.0	1	20
8429 8460	5.0	1	20
8430 8459	5.0	1	20
8433 8456	5.0	1	20
8434 8455	10.0	2	20
8435 8454	10.0	2	20
8437 8453	10.0	2	20
8438 8452	10.0	2	20
8439 8451	10.0	2	20
8440 8450	10.0	2	20
8441 8449	10.0	2	20
8442 8448	10.0	2	20
8443 8447	10.0	2	20
8710 8786	5.0	1	20
8711 8785	5.0	1	20
8712 8784	5.0	1	20
8713 8783	5.0	1	20
8714 8782	5.0	1	20
8716 8780	5.0	1	20
8718 8779	5.0	1	20
8719 8778	5.0	1	20
8720 8777	5.0	1	20
8721 8776	5.0	1	20
8722 8775	5.0	1	20
8724 8774	5.0	1	20
8726 8773	5.0	1	20
8728 8771	5.0	1	20
8729 8770	5.0	1	20
8730 8769	5.0	1	20
8731 8768	5.0	1	20
8732 8767	5.0	1	20
8733 8766	5.0	1	20
8736 8763	5.0	1	20
8737 8762	5.0	1	20
9886 9925	5.0	1	20
9887 9924	5.0	1	20
9888 9923	5.0	1	20
9889 9922	5.0	1	20
9890 9921	5.0	1	20
9891 9920	5.0	1	20
9892 9919	5.0	1	20
9893 9918	5.0	1	20
9896 9916	5.0	1	20
9897 9915	5.0	1	20
9898 9914	5.0	1	20
9899 9913	5.0	1	20
9900 9912	5.0	1	20
9901 9911	5.0	1	20
9902 9910	5.0	1	20
9903 9909	5.0	1	20
9904 9908	5.0	1	20
10241 10268	5.0	1	20
55 88	15.0	3	20
106 228	10.0	2	20
107 227	10.0	2	20
108 226	10.0	2	20
109 225	10.0	2	20
110 224	10.0	2	20
111 223	10.0	2	20
166 222	10.0	2	20
167 221	10.0	2	20
170 220	5.0	1	20
171 219	5.0	1	20
172 218	5.0	1	20
173 217	5.0	1	20
174 216	5.0	1	20
175 215	5.0	1	20
177 207	10.0	2	20
178 206	15.0	3	20
179 205	15.0	3	20
180 204	15.0	3	20
181 203	15.0	3	20
183 202	10.0	2	20
184 201	10.0	2	20
185 200	10.0	2	20
186 199	10.0	2	20
187 198	10.0	2	20
188 197	10.0	2	20
189 196	10.0	2	20
1073 1150	5.0	1	20
1074 1149	5.0	1	20
1075 1148	5.0	1	20
1076 1147	5.0	1	20
1077 1146	5.0	1	20
1078 1145	5.0	1	20
1079 1144	5.0	1	20
1080 1142	5.0	1	20
1082 1140	5.0	1	20
1083 1139	5.0	1	20
1084 1138	5.0	1	20
1085 1137	5.0	1	20
1086 1136	5.0	1	20
1100 1133	5.0	1	20
1101 1132	5.0	1	20
1102 1131	5.0	1	20
1104 1129	5.0	1	20
1105 1128	5.0	1	20
1106 1127	5.0	1	20
1107 1126	5.0	1	20
1108 1125	5.0	1	20
1110 1124	5.0	1	20
1111 1123	5.0	1	20
1112 1122	5.0	1	20
1113 1121	5.0	1	20
1114 1120	5.0	1	20
1115 1119	5.0	1	20
2322 2399	10.0	2	20
2323 2398	10.0	2	20
2324 2397	10.0	2	20
2325 2396	10.0	2	20
2326 2395	10.0	2	20
2330 2393	5.0	1	20
2331 2392	5.0	1	20
2332 2391	5.0	1	20
2333 2390	5.0	1	20
2334 2389	5.0	1	20
2338 2387	5.0	1	20
2339 2386	5.0	1	20
2341 2384	10.0	2	20
2342 2383	10.0	2	20
2343 2382	10.0	2	20
2344 2381	10.0	2	20
2345 2380	10.0	2	20
2346 2379	10.0	2	20
2347 2378	10.0	2	20
2348 2377	10.0	2	20
2349 2376	10.0	2	20
2350 2375	10.0	2	20
2352 2373	5.0	1	20
2353 2372	5.0	1	20
2354 2371	5.0	1	20
2355 2370	5.0	1	20
2356 2369	5.0	1	20
2357 2368	5.0	1	20
2358 2367	5.0	1	20
2359 2366	5.0	1	20
2360 2365	5.0	1	20
2403 2440	5.0	1	20
2404 2439	5.0	1	20
2405 2438	5.0	1	20
2406 2437	5.0	1	20
2407 2436	5.0	1	20
2408 2435	5.0	1	20
2594 2707	5.0	1	20
2595 2706	10.0	2	20
2596 2705	10.0	2	20
2597 2704	10.0	2	20
2598 2703	5.0	1	20
2599 2702	10.0	2	20
2600 2701	10.0	2	20
2601 2700	10.0	2	20
2602 2699	10.0	2	20
2605 2614	5.0	1	20
2606 2613	5.0	1	20
2607 2612	5.0	1	20
3802 3860	5.0	1	20
3803 3859	5.0	1	20
3804 3858	5.0	1	20
5355 5397	5.0	1	20
5356 5396	5.0	1	20
5357 5395	5.0	1	20
6268 6354	10.0	2	20
6271 6351	10.0	2	20
6272 6350	10.0	2	20
6273 6349	10.0	2	20
6368 6449	5.0	1	20
6369 6448	10.0	2	20
6370 6447	10.0	2	20
6371 6446	10.0	2	20
6372 6445	10.0	2	20
6373 6444	10.0	2	20
6374 6443	10.0	2	20
6376 6441	10.0	2	20
6377 6440	10.0	2	20
6378 6439	10.0	2	20
6379 6438	10.0	2	20
6380 6437	10.0	2	20
6381 6436	10.0	2	20
6382 6435	10.0	2	20
6387 6431	5.0	1	20
6388 6430	5.0	1	20
6389 6429	5.0	1	20
6390 6428	5.0	1	20
6392 6426	5.0	1	20
6393 6425	5.0	1	20
6394 6424	5.0	1	20
6395 6423	10.0	2	20
6396 6422	10.0	2	20
6397 6421	10.0	2	20
6398 6420	5.0	1	20
6399 6414	10.0	2	20
6400 6413	10.0	2	20
6401 6412	10.0	2	20
6402 6411	10.0	2	20
6783 6888	5.0	1	20
6784 6887	5.0	1	20
6785 6886	5.0	1	20
6786 6885	5.0	1	20
6787 6884	5.0	1	20
6788 6883	5.0	1	20
7171 7213	5.0	1	20
7172 7212	5.0	1	20
7173 7211	5.0	1	20
7174 7210	5.0	1	20
9057 9116	5.0	1	20
9058 9115	5.0	1	20
9059 9114	5.0	1	20
9060 9113	5.0	1	20
9626 9676	5.0	1	20
9627 9675	5.0	1	20
9628 9674	5.0	1	20
9629 9673	5.0	1	20
9630 9672	5.0	1	20
9638 9666	5.0	1	20
9870 9940	5.0	1	20
9871 9939	5.0	1	20
9872 9937	5.0	1	20
9873 9936	5.0	1	20
9874 9935	5.0	1	20
9875 9934	5.0	1	20
9876 9933	5.0	1	20
9877 9932	5.0	1	20
9878 9931	5.0	1	20
9879 9930	5.0	1	20
1 113	5.0	1	20
76 172	5.0	1	20
77 171	5.0	1	20
79 170	5.0	1	20
80 169	5.0	1	20
81 168	5.0	1	20
82 167	5.0	1	20
83 166	5.0	1	20
84 165	5.0	1	20
92 155	5.0	1	20
93 154	5.0	1	20
94 153	5.0	1	20
95 152	5.0	1	20
96 151	5.0	1	20
97 150	5.0	1	20
99 148	5.0	1	20
100 147	5.0	1	20
101 146	5.0	1	20
102 145	5.0	1	20
103 143	5.0	1	20
104 142	5.0	1	20
105 141	5.0	1	20
107 139	5.0	1	20
108 138	5.0	1	20
109 137	5.0	1	20
111 135	5.0	1	20
112 134	5.0	1	20
114 132	5.0	1	20
115 131	5.0	1	20
117 130	5.0	1	20
118 129	5.0	1	20
180 185	5.0	1	20
844 935	5.0	1	20
845 934	5.0	1	20
846 933	5.0	1	20
847 932	5.0	1	20
849 930	5.0	1	20
850 929	5.0	1	20
851 928	5.0	1	20
852 927	5.0	1	20
889 926	5.0	1	20
890 925	5.0	1	20
891 924	5.0	1	20
892 923	5.0	1	20
893 922	5.0	1	20
895 920	5.0	1	20
896 919	5.0	1	20
2801 2847	5.0	1	20
2802 2846	5.0	1	20
2803 2845	5.0	1	20
2804 2844	5.0	1	20
2810 2836	5.0	1	20
2811 2835	5.0	1	20
2812 2834	5.0	1	20
2813 2833	5.0	1	20
2814 2832	5.0	1	20
2815 2831	5.0	1	20
2816 2830	5.0	1	20
2817 2829	5.0	1	20
2818 2828	5.0	1	20
2819 2827	5.0	1	20
2820 2826	5.0	1	20
2821 2825	5.0	1	20
2848 2889	5.0	1	20
2849 2888	5.0	1	20
2850 2887	5.0	1	20
2851 2886	5.0	1	20
2852 2885	5.0	1	20
2853 2884	5.0	1	20
2854 2883	5.0	1	20
2857 2882	5.0	1	20
2858 2881	5.0	1	20
2859 2880	5.0	1	20
2860 2879	5.0	1	20
2861 2878	5.0	1	20
2862 2877	5.0	1	20
2864 2875	5.0	1	20
2865 2874	5.0	1	20
2866 2873	5.0	1	20
2867 2872	5.0	1	20
2890 2915	5.0	1	20
2891 2914	5.0	1	20
2892 2913	5.0	1	20
2893 2912	5.0	1	20
2894 2911	5.0	1	20
3115 3213	5.0	1	20
3116 3212	5.0	1	20
3117 3211	5.0	1	20
3118 3210	5.0	1	20
3119 3209	5.0	1	20
3154 3208	5.0	1	20
3533 3560	5.0	1	20
3535 3558	5.0	1	20
3561 3599	10.0	2	20
3562 3598	10.0	2	20
3563 3597	10.0	2	20
3564 3596	10.0	2	20
3565 3595	10.0	2	20
3566 3593	5.0	1	20
3567 3592	5.0	1	20
3568 3591	5.0	1	20
3570 3589	10.0	2	20
3571 3588	10.0	2	20
3572 3587	10.0	2	20
3573 3586	5.0	1	20
3574 3585	10.0	2	20
3575 3584	10.0	2	20
3576 3583	10.0	2	20
3577 3582	10.0	2	20
3600 3635	5.0	1	20
3602 3633	5.0	1	20
3608 3627	5.0	1	20
3609 3626	5.0	1	20
3610 3625	10.0	2	20
3611 3624	10.0	2	20
3613 3622	10.0	2	20
3614 3621	10.0	2	20
3982 4097	5.0	1	20
3983 4096	5.0	1	20
3984 4095	5.0	1	20
3986 4093	5.0	1	20
4692 4755	5.0	1	20
4858 4865	5.0	1	20
4859 4864	5.0	1	20
5876 5974	5.0	1	20
5878 5973	5.0	1	20
5879 5972	5.0	1	20
5880 5971	5.0	1	20
5881 5970	5.0	1	20
5882 5969	5.0	1	20
3 169	5.0	1	20
4 168	5.0	1	20
5 167	5.0	1	20
6 166	5.0	1	20
7 143	5.0	1	20
8 142	5.0	1	20
9 141	5.0	1	20
10 140	5.0	1	20
25 45	5.0	1	20
26 44	5.0	1	20
27 43	5.0	1	20
28 42	5.0	1	20
29 41	5.0	1	20
30 40	5.0	1	20
31 39	5.0	1	20
32 38	5.0	1	20
77 101	5.0	1	20
78 100	5.0	1	20
79 99	5.0	1	20
80 98	5.0	1	20
81 97	5.0	1	20
82 93	5.0	1	20
83 92	5.0	1	20
84 91	5.0	1	20
85 90	5.0	1	20
697 731	5.0	1	20
698 730	5.0	1	20
699 726	5.0	1	20
732 771	5.0	1	20
733 770	5.0	1	20
734 769	5.0	1	20
735 768	5.0	1	20
736 767	5.0	1	20
737 766	5.0	1	20
738 765	5.0	1	20
739 764	5.0	1	20
740 763	5.0	1	20
746 759	5.0	1	20
747 758	5.0	1	20
748 757	5.0	1	20
749 756	5.0	1	20
882 991	5.0	1	20
883 990	5.0	1	20
884 989	5.0	1	20
885 988	5.0	1	20
886 987	5.0	1	20
887 986	5.0	1	20
888 985	5.0	1	20
889 984	5.0	1	20
890 982	5.0	1	20
891 975	5.0	1	20
892 974	5.0	1	20
893 973	5.0	1	20
894 972	5.0	1	20
897 970	5.0	1	20
898 969	5.0	1	20
899 968	5.0	1	20
900 967	5.0	1	20
901 966	5.0	1	20
904 962	5.0	1	20
905 961	5.0	1	20
906 960	5.0	1	20
1621 1638	5.0	1	20
1624 1635	5.0	1	20
1625 1634	5.0	1	20
1626 1633	5.0	1	20
1627 1632	5.0	1	20
1640 1709	5.0	1	20
1642 1707	5.0	1	20
1643 1706	5.0	1	20
1644 1705	5.0	1	20
1645 1704	5.0	1	20
1646 1703	5.0	1	20
1647 1702	5.0	1	20
1648 1701	5.0	1	20
1649 1700	5.0	1	20
1651 1698	5.0	1	20
1652 1697	5.0	1	20
1653 1696	5.0	1	20
1657 1695	5.0	1	20
1658 1694	5.0	1	20
1659 1693	5.0	1	20
1660 1692	5.0	1	20
1661 1691	5.0	1	20
1663 1677	5.0	1	20
1664 1676	5.0	1	20
1665 1675	5.0	1	20
1666 1674	5.0	1	20
1667 1673	5.0	1	20
1668 1672	5.0	1	20
1679 1688	5.0	1	20
1680 1687	5.0	1	20
1681 1686	5.0	1	20
1722 1735	5.0	1	20
2053 2139	5.0	1	20
2054 2138	5.0	1	20
2055 2137	5.0	1	20
2057 2135	5.0	1	20
2058 2134	5.0	1	20
2062 2133	5.0	1	20
2063 2132	5.0	1	20
2066 2129	5.0	1	20
2067 2128	5.0	1	20
2068 2127	5.0	1	20
2069 2126	5.0	1	20
2070 2125	5.0	1	20
2071 2124	5.0	1	20
2072 2123	5.0	1	20
2073 2122	5.0	1	20
2074 2121	5.0	1	20
2075 2120	5.0	1	20
2076 2119	5.0	1	20
2077 2118	5.0	1	20
2079 2116	5.0	1	20
2080 2115	5.0	1	20
2081 2113	5.0	1	20
2082 2112	5.0	1	20
2083 2110	5.0	1	20
2084 2109	5.0	1	20
2089 2104	5.0	1	20
2090 2103	5.0	1	20
2091 2102	5.0	1	20
2092 2101	5.0	1	20
2093 2100	5.0	1	20
2094 2099	5.0	1	20
2147 2160	5.0	1	20
2148 2159	5.0	1	20
2149 2158	5.0	1	20
2150 2157	5.0	1	20
2151 2156	5.0	1	20
2449 2504	5.0	1	20
2450 2503	5.0	1	20
2451 2502	5.0	1	20
2452 2501	5.0	1	20
2453 2500	5.0	1	20
2454 2499	5.0	1	20
2455 2498	5.0	1	20
2456 2497	5.0	1	20
2461 2496	5.0	1	20
2462 2495	5.0	1	20
2463 2494	5.0	1	20
2464 2493	5.0	1	20
2465 2492	5.0	1	20
2466 2491	5.0	1	20
2467 2490	5.0	1	20
2468 2489	5.0	1	20
2469 2487	5.0	1	20
2470 2486	5.0	1	20
2471 2485	5.0	1	20
2472 2484	5.0	1	20
2474 2482	5.0	1	20
2475 2481	5.0	1	20
2476 2480	5.0	1	20
2862 2890	5.0	1	20
2863 2889	5.0	1	20
2864 2888	5.0	1	20
2865 2887	5.0	1	20
2869 2883	5.0	1	20
2870 2882	5.0	1	20
2871 2881	5.0	1	20
2872 2880	5.0	1	20
2873 2879	5.0	1	20
2874 2878	5.0	1	20
2901 2954	5.0	1	20
2902 2953	5.0	1	20
2906 2949	5.0	1	20
2907 2948	5.0	1	20
2909 2947	5.0	1	20
2910 2946	5.0	1	20
2911 2945	5.0	1	20
2912 2944	5.0	1	20
2913 2943	5.0	1	20
2914 2941	5.0	1	20
2917 2936	5.0	1	20
2918 2935	5.0	1	20
2919 2934	5.0	1	20
2920 2933	5.0	1	20
2921 2932	5.0	1	20
2922 2931	5.0	1	20
2923 2930	5.0	1	20
2924 2929	5.0	1	20
3250 3289	5.0	1	20
3251 3288	5.0	1	20
3252 3287	5.0	1	20
3253 3286	5.0	1	20
3255 3284	5.0	1	20
4656 4702	5.0	1	20
4657 4695	5.0	1	20
4658 4694	5.0	1	20
4659 4693	5.0	1	20
4660 4692	5.0	1	20
4664 4691	5.0	1	20
4665 4690	10.0	2	20
4666 4689	10.0	2	20
4667 4688	10.0	2	20
4668 4687	10.0	2	20
4669 4686	10.0	2	20
4670 4685	10.0	2	20
4671 4684	10.0	2	20
4672 4683	10.0	2	20
4673 4682	10.0	2	20
4674 4681	10.0	2	20
4675 4680	5.0	1	20
4713 4753	5.0	1	20
4714 4752	5.0	1	20
4715 4751	5.0	1	20
4716 4750	5.0	1	20
4717 4749	5.0	1	20
4718 4748	5.0	1	20
4719 4747	5.0	1	20
4720 4746	5.0	1	20
4723 4735	5.0	1	20
4724 4734	5.0	1	20
4725 4733	5.0	1	20
4726 4732	5.0	1	20
4727 4731	5.0	1	20
5729 5760	5.0	1	20
5730 5759	5.0	1	20
5731 5758	5.0	1	20
5732 5757	5.0	1	20
5733 5756	5.0	1	20
5735 5754	5.0	1	20
5736 5752	5.0	1	20
5737 5751	5.0	1	20
5738 5750	5.0	1	20
5739 5749	5.0	1	20
5740 5748	5.0	1	20
5741 5747	5.0	1	20
5778 5786	5.0	1	20
5779 5785	5.0	1	20
6056 6119	5.0	1	20
6057 6118	5.0	1	20
6058 6117	5.0	1	20
6059 6116	5.0	1	20
6060 6115	5.0	1	20
8272 8374	5.0	1	20
8274 8372	5.0	1	20
8275 8371	5.0	1	20
8276 8370	5.0	1	20
8282 8364	5.0	1	20
8283 8363	5.0	1	20
8286 8360	5.0	1	20
8287 8359	5.0	1	20
8288 8358	5.0	1	20
8289 8357	5.0	1	20
8296 8353	5.0	1	20
8297 8352	5.0	1	20
8298 8351	5.0	1	20
8299 8350	5.0	1	20
8300 8349	5.0	1	20
8302 8345	5.0	1	20
8303 8344	5.0	1	20
8304 8343	5.0	1	20
8305 8342	5.0	1	20
8306 8341	5.0	1	20
8307 8340	5.0	1	20
8308 8339	5.0	1	20
8309 8338	5.0	1	20
8310 8337	5.0	1	20
8311 8336	5.0	1	20
8312 8335	5.0	1	20
8313 8334	5.0	1	20
8317 8333	5.0	1	20
8319 8331	5.0	1	20
8320 8330	5.0	1	20
8321 8329	5.0	1	20
8322 8328	5.0	1	20
10043 10138	5.0	1	20
10044 10137	5.0	1	20
10045 10136	5.0	1	20
10046 10135	5.0	1	20
10047 10134	5.0	1	20
10048 10133	5.0	1	20
10049 10132	5.0	1	20
10050 10131	5.0	1	20
10051 10130	5.0	1	20
10052 10129	5.0	1	20
10053 10128	5.0	1	20
10059 10122	5.0	1	20
10060 10121	5.0	1	20
10061 10120	5.0	1	20
10065 10118	5.0	1	20
10066 10117	5.0	1	20
10067 10116	5.0	1	20
10068 10115	5.0	1	20
10069 10114	5.0	1	20
10070 10112	5.0	1	20
10071 10111	5.0	1	20
10072 10110	5.0	1	20
27 44	5.0	1	20
28 43	5.0	1	20
29 42	5.0	1	20
30 41	5.0	1	20
31 40	5.0	1	20
32 39	5.0	1	20
33 38	5.0	1	20
64 138	5.0	1	20
65 137	5.0	1	20
66 136	5.0	1	20
67 135	5.0	1	20
68 134	5.0	1	20
69 105	5.0	1	20
70 104	5.0	1	20
71 103	5.0	1	20
75 90	5.0	1	20
76 89	5.0	1	20
77 88	5.0	1	20
78 87	5.0	1	20
79 86	5.0	1	20
115 129	5.0	1	20
116 128	5.0	1	20
117 127	5.0	1	20
1165 1209	5.0	1	20
1166 1208	5.0	1	20
1168 1206	5.0	1	20
1169 1205	5.0	1	20
1170 1204	5.0	1	20
1171 1200	5.0	1	20
1172 1199	5.0	1	20
1173 1198	5.0	1	20
1174 1197	5.0	1	20
1175 1196	5.0	1	20
1176 1195	5.0	1	20
1177 1194	5.0	1	20
1178 1193	5.0	1	20
1179 1192	5.0	1	20
1180 1191	5.0	1	20
1181 1190	5.0	1	20
1182 1189	5.0	1	20
1215 1228	5.0	1	20
1216 1227	5.0	1	20
1217 1226	5.0	1	20
1218 1225	5.0	1	20
1219 1224	5.0	1	20
1529 1604	5.0	1	20
1530 1603	5.0	1	20
1531 1602	5.0	1	20
1533 1601	5.0	1	20
1534 1600	5.0	1	20
1535 1599	5.0	1	20
1536 1598	5.0	1	20
1537 1597	5.0	1	20
1538 1596	5.0	1	20
1547 1591	5.0	1	20
1548 1590	5.0	1	20
1552 1586	5.0	1	20
1553 1585	5.0	1	20
1554 1584	5.0	1	20
1555 1583	5.0	1	20
1556 1582	5.0	1	20
1557 1581	5.0	1	20
1559 1579	5.0	1	20
1560 1578	5.0	1	20
1561 1577	5.0	1	20
1562 1576	5.0	1	20
1563 1575	5.0	1	20
1564 1574	5.0	1	20
1798 1835	5.0	1	20
1799 1834	5.0	1	20
1800 1833	5.0	1	20
1801 1832	5.0	1	20
1802 1831	5.0	1	20
1803 1830	5.0	1	20
1804 1829	5.0	1	20
1810 1828	5.0	1	20
1811 1827	5.0	1	20
1812 1826	5.0	1	20
1813 1825	5.0	1	20
1815 1824	5.0	1	20
1816 1823	5.0	1	20
1850 1869	5.0	1	20
1851 1868	5.0	1	20
1853 1866	5.0	1	20
2294 2354	5.0	1	20
2295 2353	5.0	1	20
2296 2352	5.0	1	20
2297 2351	5.0	1	20
2298 2350	5.0	1	20
2299 2349	5.0	1	20
2300 2348	5.0	1	20
2301 2347	5.0	1	20
2302 2346	5.0	1	20
2304 2344	5.0	1	20
2305 2343	5.0	1	20
2306 2342	5.0	1	20
2307 2341	5.0	1	20
2308 2340	5.0	1	20
2309 2339	5.0	1	20
2310 2338	5.0	1	20
2312 2337	5.0	1	20
2313 2336	5.0	1	20
2314 2335	5.0	1	20
2315 2334	5.0	1	20
2316 2333	5.0	1	20
2494 2563	5.0	1	20
2495 2562	5.0	1	20
2496 2561	5.0	1	20
2497 2560	5.0	1	20
2498 2559	5.0	1	20
2499 2558	5.0	1	20
2500 2557	5.0	1	20
2501 2556	5.0	1	20
2502 2555	5.0	1	20
2503 2553	5.0	1	20
2504 2552	5.0	1	20
2506 2550	5.0	1	20
2507 2549	5.0	1	20
2508 2548	5.0	1	20
2509 2547	5.0	1	20
2513 2543	5.0	1	20
2514 2542	5.0	1	20
2515 2541	5.0	1	20
2516 2540	5.0	1	20
2517 2539	5.0	1	20
2518 2538	5.0	1	20
2519 2537	5.0	1	20
2521 2536	5.0	1	20
2522 2535	5.0	1	20
2523 2534	5.0	1	20
2524 2533	5.0	1	20
2525 2532	5.0	1	20
2574 2594	5.0	1	20
2575 2593	5.0	1	20
2576 2592	5.0	1	20
2578 2591	5.0	1	20
2579 2590	5.0	1	20
2580 2589	5.0	1	20
2581 2588	5.0	1	20
2582 2587	5.0	1	20
3617 3643	5.0	1	20
3658 3682	5.0	1	20
3659 3681	5.0	1	20
3661 3675	5.0	1	20
3662 3674	5.0	1	20
3663 3673	5.0	1	20
3664 3672	5.0	1	20
3665 3671	5.0	1	20
3666 3670	5.0	1	20
3688 3735	5.0	1	20
3689 3734	5.0	1	20
3690 3733	5.0	1	20
3691 3732	5.0	1	20
3692 3731	5.0	1	20
3693 3730	5.0	1	20
3694 3729	5.0	1	20
3695 3728	5.0	1	20
3696 3727	5.0	1	20
3697 3726	5.0	1	20
3698 3725	5.0	1	20
3699 3724	5.0	1	20
3700 3723	5.0	1	20
3701 3722	5.0	1	20
3702 3721	5.0	1	20
3743 3771	5.0	1	20
3744 3770	5.0	1	20
3745 3769	5.0	1	20
3985 4095	5.0	1	20
3986 4094	5.0	1	20
3987 4093	5.0	1	20
3988 4092	5.0	1	20
3989 4091	5.0	1	20
3991 4089	5.0	1	20
3992 4088	5.0	1	20
3993 4079	5.0	1	20
3994 4078	5.0	1	20
3995 4077	5.0	1	20
3996 4076	5.0	1	20
3997 4075	5.0	1	20
3998 4074	5.0	1	20
3999 4073	5.0	1	20
4000 4072	5.0	1	20
4001 4071	5.0	1	20
4003 4067	5.0	1	20
4004 4066	5.0	1	20
4006 4064	5.0	1	20
4007 4063	5.0	1	20
4009 4061	5.0	1	20
4010 4060	5.0	1	20
4011 4059	5.0	1	20
4024 4057	5.0	1	20
4025 4056	5.0	1	20
4026 4055	5.0	1	20
4027 4054	5.0	1	20
4028 4053	5.0	1	20
4029 4052	5.0	1	20
4030 4051	5.0	1	20
4031 4050	5.0	1	20
4032 4049	5.0	1	20
4776 4859	5.0	1	20
6428 6455	5.0	1	20
6429 6454	5.0	1	20
6430 6453	5.0	1	20
6434 6448	5.0	1	20
6435 6447	5.0	1	20
6436 6446	5.0	1	20
6565 6637	5.0	1	20
6566 6636	5.0	1	20
6567 6635	5.0	1	20
6568 6634	5.0	1	20
6569 6633	5.0	1	20
6570 6632	5.0	1	20
6571 6630	5.0	1	20
6572 6629	5.0	1	20
6573 6628	5.0	1	20
6574 6627	5.0	1	20
6575 6626	5.0	1	20
6576 6625	5.0	1	20
6577 6624	5.0	1	20
6578 6623	5.0	1	20
6579 6622	5.0	1	20
6580 6621	5.0	1	20
6581 6620	5.0	1	20
6582 6619	5.0	1	20
6583 6618	5.0	1	20
6585 6617	5.0	1	20
6586 6616	5.0	1	20
6587 6615	5.0	1	20
6590 6612	5.0	1	20
6591 6611	5.0	1	20
6592 6610	5.0	1	20
6593 6609	5.0	1	20
6594 6608	5.0	1	20
6595 6607	5.0	1	20
6597 6606	5.0	1	20
6598 6605	5.0	1	20
6599 6604	5.0	1	20
6648 6664	5.0	1	20
6690 6804	5.0	1	20
6691 6803	5.0	1	20
6692 6802	5.0	1	20
6693 6801	5.0	1	20
6694 6800	5.0	1	20
7293 7344	5.0	1	20
7294 7343	5.0	1	20
7295 7342	5.0	1	20
7296 7341	5.0	1	20
7301 7340	5.0	1	20
7302 7339	5.0	1	20
7303 7338	5.0	1	20
7304 7337	5.0	1	20
7306 7336	5.0	1	20
7307 7335	5.0	1	20
7481 7490	5.0	1	20
7482 7489	5.0	1	20
7509 7528	5.0	1	20
7510 7527	5.0	1	20
7511 7526	5.0	1	20
7512 7525	5.0	1	20
7513 7524	5.0	1	20
7514 7523	5.0	1	20
7515 7522	5.0	1	20
7516 7521	5.0	1	20
7563 7635	5.0	1	20
7564 7634	5.0	1	20
7565 7632	5.0	1	20
7566 7631	5.0	1	20
7567 7630	5.0	1	20
7568 7629	5.0	1	20
7569 7628	5.0	1	20
7571 7626	5.0	1	20
7572 7625	5.0	1	20
7574 7622	5.0	1	20
7575 7621	5.0	1	20
7579 7617	5.0	1	20
7580 7616	5.0	1	20
7582 7614	5.0	1	20
7583 7613	5.0	1	20
7584 7612	5.0	1	20
7585 7611	5.0	1	20
7588 7610	5.0	1	20
7589 7609	5.0	1	20
7590 7608	5.0	1	20
7592 7607	5.0	1	20
7593 7606	5.0	1	20
7594 7605	5.0	1	20
7595 7604	5.0	1	20
7596 7603	5.0	1	20
7597 7602	5.0	1	20
8227 8262	5.0	1	20
8228 8261	5.0	1	20
8229 8260	5.0	1	20
8232 8257	5.0	1	20
8233 8256	5.0	1	20
8236 8253	5.0	1	20
8237 8252	5.0	1	20
8238 8251	5.0	1	20
8239 8250	5.0	1	20
10181 10139	5.0	1	20
10180 10140	5.0	1	20
10176 10141	5.0	1	20
10175 10142	5.0	1	20
10174 10143	5.0	1	20
10173 10144	5.0	1	20
10193 10084	5.0	1	20
10195 10083	5.0	1	20
10196 10082	5.0	1	20
10197 10081	5.0	1	20
10198 10080	5.0	1	20
58 84	5.0	1	20
59 83	5.0	1	20
60 82	5.0	1	20
61 81	5.0	1	20
62 80	5.0	1	20
67 77	5.0	1	20
68 76	5.0	1	20
69 75	5.0	1	20
70 74	5.0	1	20
88 139	5.0	1	20
89 138	5.0	1	20
94 134	5.0	1	20
95 133	5.0	1	20
3091 3103	5.0	1	20
3092 3102	5.0	1	20
3093 3101	5.0	1	20
3094 3100	5.0	1	20
3095 3099	5.0	1	20
3107 3138	5.0	1	20
3108 3137	5.0	1	20
3109 3136	5.0	1	20
3111 3135	5.0	1	20
3112 3134	5.0	1	20
3113 3133	5.0	1	20
3114 3132	5.0	1	20
3115 3130	5.0	1	20
3116 3129	5.0	1	20
3117 3128	5.0	1	20
3118 3127	5.0	1	20
3119 3126	5.0	1	20
3150 3207	5.0	1	20
3153 3204	5.0	1	20
3154 3203	5.0	1	20
3155 3202	5.0	1	20
3156 3201	5.0	1	20
3157 3200	5.0	1	20
3158 3199	5.0	1	20
3159 3198	5.0	1	20
3168 3187	5.0	1	20
3169 3186	5.0	1	20
3170 3185	5.0	1	20
3171 3184	5.0	1	20
3172 3183	5.0	1	20
3525 3547	5.0	1	20
3526 3546	5.0	1	20
3548 3612	5.0	1	20
3549 3611	5.0	1	20
3550 3610	5.0	1	20
3551 3609	5.0	1	20
3552 3608	5.0	1	20
3556 3604	5.0	1	20
3557 3603	5.0	1	20
3558 3602	5.0	1	20
3559 3601	5.0	1	20
3560 3600	5.0	1	20
3566 3594	5.0	1	20
3567 3593	5.0	1	20
3568 3592	5.0	1	20
3569 3591	5.0	1	20
3678 3687	5.0	1	20
3679 3686	5.0	1	20
3680 3685	5.0	1	20
3731 3793	5.0	1	20
3732 3792	5.0	1	20
3733 3791	5.0	1	20
3734 3789	5.0	1	20
3735 3788	5.0	1	20
3736 3787	5.0	1	20
3737 3786	5.0	1	20
3738 3785	5.0	1	20
3739 3784	5.0	1	20
3740 3783	5.0	1	20
3741 3782	5.0	1	20
3742 3781	5.0	1	20
3743 3780	5.0	1	20
3747 3778	5.0	1	20
3748 3777	5.0	1	20
3749 3776	5.0	1	20
3751 3774	5.0	1	20
3752 3773	5.0	1	20
3753 3772	5.0	1	20
3755 3770	5.0	1	20
3756 3769	5.0	1	20
3757 3768	5.0	1	20
3758 3767	5.0	1	20
3759 3766	5.0	1	20
3794 3813	5.0	1	20
3799 3808	5.0	1	20
3982 4052	5.0	1	20
3983 4051	5.0	1	20
3984 4050	5.0	1	20
3987 4043	5.0	1	20
3988 4042	5.0	1	20
3989 4041	5.0	1	20
3990 4040	5.0	1	20
3991 4039	5.0	1	20
3992 4038	5.0	1	20
3993 4037	5.0	1	20
3994 4036	5.0	1	20
3995 4035	5.0	1	20
3996 4033	5.0	1	20
3997 4032	5.0	1	20
3998 4031	5.0	1	20
3999 4030	5.0	1	20
4000 4029	5.0	1	20
4246 4290	5.0	1	20
4247 4289	5.0	1	20
4248 4288	5.0	1	20
5344 5435	5.0	1	20
5345 5434	5.0	1	20
5346 5433	5.0	1	20
5347 5432	5.0	1	20
5348 5431	5.0	1	20
5349 5430	5.0	1	20
5350 5429	5.0	1	20
5351 5428	5.0	1	20
5352 5427	5.0	1	20
5353 5426	5.0	1	20
5355 5425	5.0	1	20
5356 5424	5.0	1	20
5357 5423	5.0	1	20
5358 5422	5.0	1	20
5359 5421	5.0	1	20
5364 5417	5.0	1	20
5365 5416	5.0	1	20
5366 5415	5.0	1	20
5367 5414	5.0	1	20
5369 5410	5.0	1	20
5370 5409	5.0	1	20
5371 5408	5.0	1	20
5506 5547	5.0	1	20
6542 6648	5.0	1	20
6543 6647	5.0	1	20
6544 6646	5.0	1	20
6559 6637	5.0	1	20
6560 6636	5.0	1	20
6561 6635	5.0	1	20
6562 6634	5.0	1	20
6563 6633	5.0	1	20
6564 6632	5.0	1	20
6565 6631	5.0	1	20
6566 6630	5.0	1	20
6567 6629	5.0	1	20
6568 6628	5.0	1	20
6569 6627	5.0	1	20
6570 6626	5.0	1	20
6571 6625	5.0	1	20
6572 6624	5.0	1	20
6573 6623	5.0	1	20
6576 6620	5.0	1	20
6577 6619	5.0	1	20
6578 6618	5.0	1	20
6579 6617	5.0	1	20
6582 6614	5.0	1	20
6583 6613	5.0	1	20
6584 6612	5.0	1	20
6585 6611	5.0	1	20
6586 6610	5.0	1	20
6809 6866	5.0	1	20
6810 6865	5.0	1	20
6811 6864	5.0	1	20
6812 6863	5.0	1	20
6814 6861	5.0	1	20
6815 6860	5.0	1	20
6816 6859	5.0	1	20
6817 6858	5.0	1	20
6820 6854	5.0	1	20
6821 6853	5.0	1	20
7413 7436	5.0	1	20
7414 7435	5.0	1	20
7415 7434	5.0	1	20
7416 7433	5.0	1	20
7417 7432	5.0	1	20
7418 7431	5.0	1	20
7421 7430	5.0	1	20
7422 7429	5.0	1	20
7440 7457	5.0	1	20
7441 7456	5.0	1	20
7442 7455	5.0	1	20
7443 7454	5.0	1	20
7444 7453	5.0	1	20
7445 7452	5.0	1	20
7446 7451	5.0	1	20
7465 7480	5.0	1	20
7466 7479	5.0	1	20
7467 7478	5.0	1	20
7481 7497	5.0	1	20
7482 7496	5.0	1	20
7483 7495	5.0	1	20
7484 7494	5.0	1	20
7485 7493	5.0	1	20
7486 7492	5.0	1	20
7499 7530	5.0	1	20
7500 7529	5.0	1	20
7501 7528	5.0	1	20
7502 7527	5.0	1	20
7503 7526	5.0	1	20
7505 7525	5.0	1	20
7506 7524	5.0	1	20
7507 7523	5.0	1	20
7510 7521	5.0	1	20
7511 7520	5.0	1	20
7512 7519	5.0	1	20
7534 7562	5.0	1	20
7535 7561	5.0	1	20
7536 7560	5.0	1	20
7537 7559	5.0	1	20
7538 7558	5.0	1	20
7539 7557	5.0	1	20
7543 7554	5.0	1	20
7544 7553	5.0	1	20
7545 7552	5.0	1	20
7546 7551	5.0	1	20
8250 8316	5.0	1	20
8253 8313	5.0	1	20
8265 8310	5.0	1	20
8266 8309	5.0	1	20
8267 8308	5.0	1	20
8268 8307	5.0	1	20
8270 8305	5.0	1	20
8271 8304	5.0	1	20
8272 8303	5.0	1	20
8273 8302	5.0	1	20
8274 8301	5.0	1	20
8276 8299	5.0	1	20
8277 8298	5.0	1	20
8278 8297	5.0	1	20
8279 8296	5.0	1	20
8280 8295	5.0	1	20
8281 8294	5.0	1	20
8653 8729	5.0	1	20
8654 8728	5.0	1	20
8655 8727	5.0	1	20
8656 8726	5.0	1	20
8658 8724	5.0	1	20
8659 8723	5.0	1	20
8660 8722	5.0	1	20
8661 8721	5.0	1	20
8662 8720	5.0	1	20
8663 8719	5.0	1	20
8664 8718	5.0	1	20
8665 8717	5.0	1	20
8666 8716	5.0	1	20
8672 8689	5.0	1	20
8673 8688	5.0	1	20
8674 8687	5.0	1	20
8675 8686	5.0	1	20
8693 8708	5.0	1	20
8694 8707	5.0	1	20
8695 8706	5.0	1	20
8696 8705	5.0	1	20
8839 8916	5.0	1	20
8840 8915	5.0	1	20
8841 8914	5.0	1	20
8845 8911	5.0	1	20
8846 8910	5.0	1	20
8847 8909	5.0	1	20
8848 8908	5.0	1	20
8849 8907	5.0	1	20
8850 8906	5.0	1	20
8851 8905	5.0	1	20
8867 8890	5.0	1	20
8868 8889	5.0	1	20
8869 8888	5.0	1	20
9542 9558	5.0	1	20
9543 9557	5.0	1	20
9544 9556	5.0	1	20
9545 9555	5.0	1	20
9546 9554	5.0	1	20
9547 9553	5.0	1	20
9559 9592	5.0	1	20
9560 9591	5.0	1	20
9561 9590	5.0	1	20
9566 9589	5.0	1	20
9567 9588	5.0	1	20
9568 9587	5.0	1	20
9569 9586	5.0	1	20
9570 9585	5.0	1	20
9571 9584	5.0	1	20
9572 9583	5.0	1	20
9573 9582	5.0	1	20
9608 9631	5.0	1	20
9609 9630	5.0	1	20
9610 9629	5.0	1	20
9611 9628	5.0	1	20
9612 9627	5.0	1	20
9613 9626	5.0	1	20
9614 9625	5.0	1	20
10086 10014	5.0	1	20
10085 10015	5.0	1	20
10016 10084	5.0	1	20
10017 10083	5.0	1	20
10018 10082	5.0	1	20
10019 10081	5.0	1	20
10022 10063	5.0	1	20
10023 10062	5.0	1	20
10024 10061	5.0	1	20
10025 10060	5.0	1	20
10029 10056	5.0	1	20
10030 10055	5.0	1	20
10031 10054	5.0	1	20
10032 10053	5.0	1	20
10033 10052	5.0	1	20
10037 10047	5.0	1	20
10038 10046	5.0	1	20
10039 10045	5.0	1	20
10128 10087	5.0	1	20
5 103	5.0	1	20
6 102	5.0	1	20
7 101	5.0	1	20
8 100	5.0	1	20
27 89	5.0	1	20
28 88	5.0	1	20
29 87	5.0	1	20
30 86	5.0	1	20
31 85	5.0	1	20
32 84	5.0	1	20
33 83	5.0	1	20
38 80	5.0	1	20
39 79	5.0	1	20
42 76	5.0	1	20
43 75	5.0	1	20
44 74	5.0	1	20
45 73	5.0	1	20
52 72	5.0	1	20
55 69	5.0	1	20
56 68	5.0	1	20
57 67	5.0	1	20
104 148	5.0	1	20
105 147	5.0	1	20
106 146	5.0	1	20
107 145	5.0	1	20
108 144	5.0	1	20
115 141	5.0	1	20
116 140	5.0	1	20
117 139	5.0	1	20
118 138	5.0	1	20
119 137	5.0	1	20
123 135	5.0	1	20
124 134	5.0	1	20
125 133	5.0	1	20
126 132	5.0	1	20
243 350	5.0	1	20
249 345	5.0	1	20
252 342	5.0	1	20
253 341	5.0	1	20
254 340	5.0	1	20
255 339	5.0	1	20
256 338	5.0	1	20
257 337	5.0	1	20
258 336	5.0	1	20
259 335	5.0	1	20
260 334	5.0	1	20
261 333	5.0	1	20
267 329	5.0	1	20
268 328	5.0	1	20
269 327	5.0	1	20
270 326	5.0	1	20
1902 1941	5.0	1	20
1916 1934	5.0	1	20
1917 1933	5.0	1	20
1918 1932	5.0	1	20
1919 1931	5.0	1	20
1920 1929	5.0	1	20
1921 1928	5.0	1	20
1922 1927	5.0	1	20
1945 2012	5.0	1	20
1946 2011	5.0	1	20
1947 2010	5.0	1	20
1950 2007	5.0	1	20
1951 2006	5.0	1	20
1952 2005	5.0	1	20
1953 2004	5.0	1	20
1954 2003	5.0	1	20
1955 2002	5.0	1	20
1956 2001	5.0	1	20
1957 1986	5.0	1	20
1958 1985	5.0	1	20
1959 1984	5.0	1	20
1960 1983	5.0	1	20
1961 1982	5.0	1	20
1962 1981	5.0	1	20
1964 1979	5.0	1	20
1965 1978	5.0	1	20
1966 1977	5.0	1	20
1967 1976	5.0	1	20
1968 1975	5.0	1	20
1969 1974	5.0	1	20
2081 2166	5.0	1	20
2082 2165	5.0	1	20
2083 2164	5.0	1	20
2084 2163	5.0	1	20
2085 2162	5.0	1	20
2086 2161	5.0	1	20
2087 2160	5.0	1	20
2088 2159	5.0	1	20
2089 2158	5.0	1	20
2094 2154	5.0	1	20
2095 2153	5.0	1	20
2096 2152	5.0	1	20
2097 2151	5.0	1	20
2101 2148	5.0	1	20
2102 2147	5.0	1	20
2103 2146	5.0	1	20
2107 2141	5.0	1	20
2108 2140	5.0	1	20
2109 2139	5.0	1	20
2110 2138	5.0	1	20
2111 2137	5.0	1	20
2116 2132	5.0	1	20
2117 2131	5.0	1	20
2118 2130	5.0	1	20
2119 2129	5.0	1	20
4023 4130	5.0	1	20
4026 4040	5.0	1	20
4027 4039	5.0	1	20
4028 4038	5.0	1	20
4041 4108	5.0	1	20
4042 4107	5.0	1	20
4043 4106	5.0	1	20
4044 4105	5.0	1	20
4045 4104	5.0	1	20
4046 4103	5.0	1	20
4052 4102	5.0	1	20
4053 4101	5.0	1	20
4054 4100	5.0	1	20
4055 4099	5.0	1	20
4056 4098	5.0	1	20
4057 4097	5.0	1	20
4207 4256	5.0	1	20
4449 4545	5.0	1	20
4450 4544	5.0	1	20
4451 4543	5.0	1	20
4452 4542	5.0	1	20
4453 4541	5.0	1	20
4454 4540	5.0	1	20
4455 4539	5.0	1	20
4456 4538	5.0	1	20
4457 4537	5.0	1	20
4458 4536	5.0	1	20
4459 4535	5.0	1	20
4460 4534	5.0	1	20
4648 4707	5.0	1	20
4649 4706	5.0	1	20
4650 4705	5.0	1	20
4651 4704	5.0	1	20
4652 4703	5.0	1	20
4653 4702	5.0	1	20
4656 4699	5.0	1	20
4657 4698	5.0	1	20
4658 4697	5.0	1	20
4659 4696	5.0	1	20
4661 4694	5.0	1	20
4662 4693	5.0	1	20
4663 4692	5.0	1	20
4708 4719	5.0	1	20
4709 4718	5.0	1	20
4710 4717	5.0	1	20
4723 4754	5.0	1	20
4725 4752	5.0	1	20
4726 4751	5.0	1	20
4727 4749	5.0	1	20
4732 4743	5.0	1	20
4733 4742	5.0	1	20
4734 4741	5.0	1	20
4735 4740	5.0	1	20
6452 6545	5.0	1	20
6453 6544	5.0	1	20
6454 6543	5.0	1	20
6455 6542	5.0	1	20
6456 6541	5.0	1	20
6457 6540	5.0	1	20
6458 6539	5.0	1	20
6459 6538	5.0	1	20
6465 6537	5.0	1	20
6466 6536	5.0	1	20
6467 6535	5.0	1	20
6468 6534	5.0	1	20
6469 6533	5.0	1	20
6476 6532	5.0	1	20
6477 6531	5.0	1	20
6478 6530	5.0	1	20
6479 6529	5.0	1	20
6480 6528	5.0	1	20
6481 6527	5.0	1	20
6482 6526	5.0	1	20
6486 6525	5.0	1	20
6487 6524	5.0	1	20
6488 6523	5.0	1	20
6489 6522	5.0	1	20
7381 7402	5.0	1	20
7382 7401	5.0	1	20
7383 7400	5.0	1	20
7384 7399	5.0	1	20
7385 7394	5.0	1	20
7386 7393	5.0	1	20
7403 7491	5.0	1	20
7404 7490	5.0	1	20
7408 7488	5.0	1	20
7409 7487	5.0	1	20
7410 7486	5.0	1	20
7411 7485	5.0	1	20
7412 7484	5.0	1	20
7413 7483	5.0	1	20
7414 7481	5.0	1	20
7415 7480	5.0	1	20
7416 7478	5.0	1	20
7417 7477	5.0	1	20
7418 7476	5.0	1	20
7419 7475	5.0	1	20
7420 7474	5.0	1	20
7424 7470	5.0	1	20
7425 7469	5.0	1	20
7426 7468	5.0	1	20
7428 7467	5.0	1	20
7429 7466	5.0	1	20
7430 7465	5.0	1	20
7431 7464	5.0	1	20
7432 7463	5.0	1	20
7433 7462	5.0	1	20
7434 7461	5.0	1	20
7435 7460	5.0	1	20
7436 7459	5.0	1	20
7437 7458	5.0	1	20
7438 7457	5.0	1	20
7439 7456	5.0	1	20
7441 7455	5.0	1	20
7442 7454	5.0	1	20
7443 7453	5.0	1	20
7444 7452	5.0	1	20
7738 7849	5.0	1	20
7739 7848	5.0	1	20
8654 8706	5.0	1	20
8655 8705	5.0	1	20
8656 8704	5.0	1	20
8657 8703	5.0	1	20
8659 8699	5.0	1	20
8660 8698	5.0	1	20
8661 8697	5.0	1	20
8662 8696	5.0	1	20
8663 8695	5.0	1	20
8713 8735	5.0	1	20
8714 8734	5.0	1	20
8715 8733	5.0	1	20
8716 8732	5.0	1	20
8717 8731	5.0	1	20
8718 8730	5.0	1	20
8719 8729	5.0	1	20
8720 8728	5.0	1	20
8721 8727	5.0	1	20
559 661	5.0	1	20
1143 1219	5.0	1	20
1144 1218	5.0	1	20
1145 1217	5.0	1	20
1146 1216	5.0	1	20
1147 1215	5.0	1	20
1148 1214	5.0	1	20
1149 1213	5.0	1	20
1151 1170	5.0	1	20
1152 1169	5.0	1	20
1153 1168	5.0	1	20
1154 1167	5.0	1	20
1156 1165	5.0	1	20
1157 1164	5.0	1	20
1158 1163	5.0	1	20
2430 2518	5.0	1	20
2431 2517	5.0	1	20
2432 2516	5.0	1	20
2433 2515	5.0	1	20
2434 2514	5.0	1	20
2435 2513	5.0	1	20
2436 2512	5.0	1	20
2472 2509	5.0	1	20
2473 2508	5.0	1	20
2474 2507	5.0	1	20
3107 3207	5.0	1	20
3108 3206	5.0	1	20
3596 3604	5.0	1	20
3615 3670	5.0	1	20
3616 3669	5.0	1	20
3617 3668	5.0	1	20
3619 3666	5.0	1	20
3620 3665	5.0	1	20
3621 3664	5.0	1	20
3622 3663	5.0	1	20
3623 3662	5.0	1	20
3624 3661	5.0	1	20
3625 3658	5.0	1	20
3626 3657	5.0	1	20
3627 3656	5.0	1	20
3628 3655	5.0	1	20
3629 3654	5.0	1	20
3630 3653	5.0	1	20
3631 3651	5.0	1	20
3632 3650	5.0	1	20
3635 3648	5.0	1	20
3636 3647	5.0	1	20
3637 3646	5.0	1	20
3638 3645	5.0	1	20
3639 3644	5.0	1	20
3671 3706	5.0	1	20
3672 3705	5.0	1	20
3673 3704	5.0	1	20
3674 3703	5.0	1	20
3675 3702	5.0	1	20
3676 3701	5.0	1	20
3677 3700	5.0	1	20
3678 3699	5.0	1	20
3680 3697	5.0	1	20
3681 3696	5.0	1	20
3682 3695	5.0	1	20
3683 3694	5.0	1	20
3684 3693	5.0	1	20
3709 3721	5.0	1	20
3710 3720	5.0	1	20
3711 3719	5.0	1	20
3712 3718	5.0	1	20
3713 3717	5.0	1	20
4462 4494	5.0	1	20
4463 4493	5.0	1	20
4464 4492	5.0	1	20
4465 4491	5.0	1	20
4466 4490	5.0	1	20
4467 4489	5.0	1	20
6092 6099	5.0	1	20
6101 6211	5.0	1	20
6105 6205	5.0	1	20
6106 6204	5.0	1	20
6107 6203	5.0	1	20
6110 6201	5.0	1	20
6111 6200	5.0	1	20
6112 6199	5.0	1	20
6113 6198	5.0	1	20
6114 6197	5.0	1	20
6115 6196	5.0	1	20
6116 6195	5.0	1	20
6117 6194	5.0	1	20
6122 6190	5.0	1	20
6123 6189	5.0	1	20
6124 6188	5.0	1	20
7869 7878	5.0	1	20
7870 7877	5.0	1	20
8791 8883	5.0	1	20
8792 8882	5.0	1	20
8793 8881	5.0	1	20
8796 8821	5.0	1	20
8824 8877	5.0	1	20
8825 8876	5.0	1	20
8826 8875	5.0	1	20
8827 8874	5.0	1	20
8828 8873	5.0	1	20
8829 8872	5.0	1	20
8830 8871	5.0	1	20
9245 9340	5.0	1	20
9247 9338	5.0	1	20
9248 9337	5.0	1	20
9250 9335	5.0	1	20
9251 9334	5.0	1	20
9252 9333	5.0	1	20
9253 9331	5.0	1	20
9254 9330	5.0	1	20
9991 10061	5.0	1	20
9992 10060	5.0	1	20
9993 10059	5.0	1	20
9994 10058	5.0	1	20
9995 10057	5.0	1	20
9996 10056	5.0	1	20
9997 10055	5.0	1	20
9998 10054	5.0	1	20
9999 10053	5.0	1	20
10002 10018	5.0	1	20
10003 10017	5.0	1	20
10202 10085	5.0	1	20
10204 10083	5.0	1	20
20 38	10.0	2	20
21 37	10.0	2	20
22 36	10.0	2	20
23 35	10.0	2	20
24 34	10.0	2	20
25 33	10.0	2	20
26 32	5.0	1	20
27 31	5.0	1	20
94 124	5.0	1	20
95 123	5.0	1	20
96 122	5.0	1	20
97 121	5.0	1	20
98 120	5.0	1	20
103 117	5.0	1	20
104 116	5.0	1	20
105 115	5.0	1	20
106 114	5.0	1	20
479 497	5.0	1	20
480 496	5.0	1	20
485 492	5.0	1	20
500 552	5.0	1	20
501 551	5.0	1	20
502 550	5.0	1	20
503 549	5.0	1	20
505 548	5.0	1	20
506 547	5.0	1	20
507 546	5.0	1	20
508 545	5.0	1	20
509 544	5.0	1	20
510 543	5.0	1	20
512 541	5.0	1	20
513 540	5.0	1	20
514 539	5.0	1	20
515 538	5.0	1	20
516 537	5.0	1	20
517 536	5.0	1	20
518 533	5.0	1	20
519 532	5.0	1	20
1485 1580	5.0	1	20
1486 1579	5.0	1	20
1487 1578	5.0	1	20
1488 1577	5.0	1	20
1490 1575	5.0	1	20
1491 1573	5.0	1	20
1492 1572	5.0	1	20
1494 1569	5.0	1	20
2631 2721	5.0	1	20
2632 2720	5.0	1	20
2633 2719	5.0	1	20
2635 2714	5.0	1	20
2636 2713	5.0	1	20
2637 2712	5.0	1	20
2638 2711	5.0	1	20
2639 2710	5.0	1	20
2666 2708	5.0	1	20
2667 2707	5.0	1	20
2668 2706	5.0	1	20
2669 2705	5.0	1	20
2670 2704	5.0	1	20
2671 2703	5.0	1	20
2672 2702	5.0	1	20
2673 2701	5.0	1	20
2674 2699	5.0	1	20
2675 2698	5.0	1	20
2676 2697	5.0	1	20
2679 2692	5.0	1	20
2680 2691	5.0	1	20
2681 2690	5.0	1	20
2682 2689	5.0	1	20
2683 2688	5.0	1	20
2739 2756	5.0	1	20
2740 2755	5.0	1	20
2741 2754	5.0	1	20
2742 2753	5.0	1	20
2743 2752	5.0	1	20
2744 2751	5.0	1	20
6610 6659	5.0	1	20
6611 6658	5.0	1	20
6612 6657	5.0	1	20
6615 6656	5.0	1	20
6616 6655	5.0	1	20
6617 6654	5.0	1	20
6618 6653	5.0	1	20
6624 6649	5.0	1	20
6629 6644	5.0	1	20
6630 6643	5.0	1	20
6632 6641	5.0	1	20
6633 6640	5.0	1	20
6634 6639	5.0	1	20
6715 6719	5.0	1	20
6831 6940	5.0	1	20
6832 6939	5.0	1	20
7093 7150	5.0	1	20
7094 7149	5.0	1	20
7095 7148	5.0	1	20
7096 7147	5.0	1	20
7097 7146	5.0	1	20
7098 7145	5.0	1	20
7099 7144	5.0	1	20
7100 7143	5.0	1	20
7101 7142	5.0	1	20
7102 7141	5.0	1	20
7103 7140	5.0	1	20
7104 7139	5.0	1	20
7105 7138	5.0	1	20
7106 7135	5.0	1	20
7107 7134	5.0	1	20
7108 7133	5.0	1	20
7109 7132	5.0	1	20
7110 7131	5.0	1	20
7111 7130	5.0	1	20
7112 7128	5.0	1	20
7113 7127	5.0	1	20
7114 7126	5.0	1	20
7219 7306	5.0	1	20
7220 7305	5.0	1	20
7222 7303	5.0	1	20
7223 7276	5.0	1	20
7224 7275	5.0	1	20
7225 7274	5.0	1	20
7313 7328	5.0	1	20
7821 7880	5.0	1	20
7822 7879	5.0	1	20
7823 7878	5.0	1	20
7824 7877	5.0	1	20
7825 7876	5.0	1	20
7826 7875	5.0	1	20
7827 7874	5.0	1	20
7828 7873	5.0	1	20
7829 7872	5.0	1	20
7833 7870	5.0	1	20
7834 7869	5.0	1	20
7835 7868	5.0	1	20
7836 7867	5.0	1	20
7837 7865	5.0	1	20
7838 7864	5.0	1	20
7839 7863	5.0	1	20
7842 7859	5.0	1	20
7843 7858	5.0	1	20
7844 7857	5.0	1	20
7845 7856	5.0	1	20
7846 7855	5.0	1	20
7882 7921	5.0	1	20
7883 7919	5.0	1	20
7884 7918	5.0	1	20
7892 7904	5.0	1	20
7893 7903	5.0	1	20
7894 7902	5.0	1	20
7929 7944	5.0	1	20
7930 7943	5.0	1	20
7931 7942	5.0	1	20
7932 7941	5.0	1	20
7933 7940	5.0	1	20
7934 7939	5.0	1	20
7949 8001	5.0	1	20
7950 8000	5.0	1	20
7951 7999	5.0	1	20
7953 7997	5.0	1	20
7954 7996	5.0	1	20
7955 7995	5.0	1	20
7956 7994	5.0	1	20
7957 7993	5.0	1	20
7959 7992	5.0	1	20
7960 7991	5.0	1	20
7961 7990	5.0	1	20
7962 7989	5.0	1	20
7963 7988	5.0	1	20
7964 7987	5.0	1	20
7965 7986	5.0	1	20
7968 7984	5.0	1	20
7969 7983	5.0	1	20
7971 7981	5.0	1	20
7972 7980	5.0	1	20
7973 7979	5.0	1	20
8592 8700	5.0	1	20
8594 8698	5.0	1	20
8595 8697	5.0	1	20
8596 8696	5.0	1	20
8597 8695	5.0	1	20
8598 8694	5.0	1	20
8599 8693	5.0	1	20
8600 8692	5.0	1	20
8602 8690	5.0	1	20
8603 8689	5.0	1	20
8604 8687	5.0	1	20
8606 8685	5.0	1	20
8921 8931	5.0	1	20
8922 8930	5.0	1	20
8967 8977	5.0	1	20
8968 8976	5.0	1	20
8969 8975	5.0	1	20
8980 9016	5.0	1	20
8981 9015	5.0	1	20
8982 9014	5.0	1	20
8985 9011	5.0	1	20
8986 9010	5.0	1	20
8987 9009	5.0	1	20
8988 9008	5.0	1	20
8989 9007	5.0	1	20
8990 9006	5.0	1	20
8991 9005	5.0	1	20
8992 9004	5.0	1	20
8993 9003	5.0	1	20
8994 9002	5.0	1	20
8995 9001	5.0	1	20
8996 9000	5.0	1	20
9018 9035	5.0	1	20
9019 9034	5.0	1	20
9020 9033	5.0	1	20
9021 9032	5.0	1	20
9022 9031	5.0	1	20
10275 10259	5.0	1	20
11 81	5.0	1	20
12 51	5.0	1	20
13 50	5.0	1	20
14 49	5.0	1	20
15 44	5.0	1	20
16 43	5.0	1	20
17 42	5.0	1	20
18 41	5.0	1	20
98 119	5.0	1	20
99 118	5.0	1	20
100 117	5.0	1	20
101 116	5.0	1	20
102 115	5.0	1	20
103 114	5.0	1	20
104 113	5.0	1	20
105 112	5.0	1	20
106 111	5.0	1	20
128 189	5.0	1	20
129 188	5.0	1	20
130 187	5.0	1	20
131 186	5.0	1	20
132 148	5.0	1	20
133 147	5.0	1	20
134 146	5.0	1	20
135 145	5.0	1	20
136 144	5.0	1	20
137 143	5.0	1	20
138 142	5.0	1	20
150 165	5.0	1	20
151 164	5.0	1	20
152 163	5.0	1	20
153 162	5.0	1	20
154 161	5.0	1	20
155 160	5.0	1	20
168 182	5.0	1	20
169 181	5.0	1	20
170 180	5.0	1	20
171 179	5.0	1	20
172 178	5.0	1	20
173 177	5.0	1	20
1240 1340	5.0	1	20
1241 1339	5.0	1	20
1242 1338	5.0	1	20
1243 1337	5.0	1	20
1244 1336	5.0	1	20
1248 1330	5.0	1	20
1249 1329	5.0	1	20
1250 1328	5.0	1	20
1251 1327	5.0	1	20
1252 1326	5.0	1	20
1254 1325	5.0	1	20
1255 1324	5.0	1	20
1256 1323	5.0	1	20
1257 1322	5.0	1	20
1258 1321	5.0	1	20
1260 1320	5.0	1	20
1261 1319	5.0	1	20
1262 1318	5.0	1	20
1263 1316	5.0	1	20
1264 1315	5.0	1	20
1265 1314	5.0	1	20
1266 1313	5.0	1	20
1268 1312	5.0	1	20
1269 1311	5.0	1	20
1272 1309	5.0	1	20
1273 1308	5.0	1	20
1274 1307	5.0	1	20
1275 1306	5.0	1	20
1276 1305	5.0	1	20
1278 1304	5.0	1	20
1279 1303	5.0	1	20
1280 1302	5.0	1	20
1281 1301	5.0	1	20
1282 1300	5.0	1	20
1283 1295	5.0	1	20
1284 1294	5.0	1	20
1285 1293	5.0	1	20
2151 2190	5.0	1	20
2152 2189	5.0	1	20
2153 2188	5.0	1	20
2154 2187	5.0	1	20
2155 2186	5.0	1	20
2158 2183	5.0	1	20
2159 2182	5.0	1	20
2160 2181	5.0	1	20
2161 2180	5.0	1	20
2835 2867	5.0	1	20
2836 2866	5.0	1	20
2837 2865	5.0	1	20
2839 2863	5.0	1	20
2840 2862	5.0	1	20
2841 2861	5.0	1	20
2842 2860	5.0	1	20
2843 2859	5.0	1	20
2844 2858	5.0	1	20
2845 2857	5.0	1	20
2846 2856	5.0	1	20
2847 2855	5.0	1	20
2848 2854	5.0	1	20
2849 2853	5.0	1	20
2869 2906	5.0	1	20
2870 2905	5.0	1	20
2871 2904	5.0	1	20
2872 2903	5.0	1	20
3582 3606	5.0	1	20
3583 3605	5.0	1	20
3584 3604	5.0	1	20
3585 3603	5.0	1	20
3612 3623	5.0	1	20
3636 3671	5.0	1	20
3637 3670	5.0	1	20
3638 3669	5.0	1	20
3639 3668	5.0	1	20
3640 3667	5.0	1	20
3641 3666	5.0	1	20
3642 3665	5.0	1	20
3643 3664	5.0	1	20
3648 3661	5.0	1	20
3649 3660	5.0	1	20
3650 3659	5.0	1	20
3651 3658	5.0	1	20
4587 4686	5.0	1	20
4588 4685	5.0	1	20
4589 4684	5.0	1	20
4590 4683	5.0	1	20
4595 4678	5.0	1	20
4598 4675	5.0	1	20
4599 4674	5.0	1	20
4600 4673	5.0	1	20
4603 4669	5.0	1	20
4605 4667	5.0	1	20
4606 4666	5.0	1	20
6407 6474	5.0	1	20
6408 6473	5.0	1	20
6409 6472	5.0	1	20
6410 6471	5.0	1	20
6411 6470	5.0	1	20
6413 6469	5.0	1	20
6414 6468	5.0	1	20
6415 6467	5.0	1	20
6419 6460	5.0	1	20
6420 6459	5.0	1	20
6422 6457	5.0	1	20
6423 6456	5.0	1	20
6424 6455	5.0	1	20
6425 6454	5.0	1	20
6426 6453	5.0	1	20
6428 6451	5.0	1	20
6429 6450	5.0	1	20
6430 6449	5.0	1	20
6432 6447	5.0	1	20
6433 6446	5.0	1	20
6434 6444	5.0	1	20
6435 6443	5.0	1	20
6436 6442	5.0	1	20
6476 6485	5.0	1	20
6477 6484	5.0	1	20
6478 6483	5.0	1	20
7564 7582	5.0	1	20
7566 7581	5.0	1	20
7567 7580	5.0	1	20
7568 7579	5.0	1	20
7569 7578	5.0	1	20
7570 7577	5.0	1	20
7571 7576	5.0	1	20
7583 7635	5.0	1	20
7584 7634	5.0	1	20
7585 7633	5.0	1	20
7586 7632	5.0	1	20
7587 7631	5.0	1	20
7588 7630	5.0	1	20
7591 7627	5.0	1	20
7592 7626	5.0	1	20
7594 7625	5.0	1	20
7595 7624	5.0	1	20
7596 7623	5.0	1	20
7597 7622	5.0	1	20
7598 7621	5.0	1	20
7599 7620	5.0	1	20
7600 7619	5.0	1	20
7602 7617	5.0	1	20
7603 7616	5.0	1	20
7604 7615	5.0	1	20
7605 7614	5.0	1	20
7606 7613	5.0	1	20
7791 7886	5.0	1	20
8553 8659	5.0	1	20
8554 8658	5.0	1	20
8555 8657	5.0	1	20
8556 8656	5.0	1	20
8562 8655	5.0	1	20
8563 8654	5.0	1	20
8564 8652	5.0	1	20
8565 8651	5.0	1	20
8819 8876	5.0	1	20
8820 8875	5.0	1	20
8823 8873	5.0	1	20
8824 8872	5.0	1	20
8825 8871	5.0	1	20
8826 8870	5.0	1	20
8827 8869	5.0	1	20
8828 8868	5.0	1	20
8829 8867	5.0	1	20
8832 8865	5.0	1	20
8833 8864	5.0	1	20
8834 8863	5.0	1	20
8835 8862	5.0	1	20
8836 8861	5.0	1	20
8837 8860	5.0	1	20
9006 9071	5.0	1	20
9016 9042	5.0	1	20
9017 9041	5.0	1	20
9019 9039	5.0	1	20
9020 9038	5.0	1	20
9021 9037	5.0	1	20
9022 9036	5.0	1	20
9023 9035	5.0	1	20
9024 9034	5.0	1	20
9025 9033	5.0	1	20
9026 9032	5.0	1	20
9027 9031	5.0	1	20
9045 9062	5.0	1	20
9048 9059	5.0	1	20
9049 9058	5.0	1	20
9050 9057	5.0	1	20
9051 9056	5.0	1	20
10147 10161	5.0	1	20
10250 10172	5.0	1	20
10204 10182	5.0	1	20
10203 10183	5.0	1	20
10202 10184	5.0	1	20
10201 10185	5.0	1	20
10200 10186	5.0	1	20
10199 10187	5.0	1	20
10198 10188	5.0	1	20
10197 10189	5.0	1	20
10190 10196	5.0	1	20
10249 10208	5.0	1	20
10248 10209	5.0	1	20
10247 10210	5.0	1	20
10240 10217	5.0	1	20
10239 10218	5.0	1	20
10238 10219	5.0	1	20
10234 10223	5.0	1	20
10233 10224	5.0	1	20
10232 10225	5.0	1	20
10231 10226	5.0	1	20
10293 10251	5.0	1	20
10292 10252	5.0	1	20
10291 10253	5.0	1	20
10290 10254	5.0	1	20
10289 10255	5.0	1	20
10288 10256	5.0	1	20
10287 10257	5.0	1	20
10281 10261	5.0	1	20
10280 10262	5.0	1	20
10279 10263	5.0	1	20
10278 10264	5.0	1	20
10277 10265	5.0	1	20
10276 10266	5.0	1	20
10275 10268	5.0	1	20
4 17	5.0	1	20
5 16	5.0	1	20
24 45	15.0	3	20
25 44	15.0	3	20
26 43	15.0	3	20
27 42	15.0	3	20
28 41	15.0	3	20
29 40	15.0	3	20
30 39	15.0	3	20
31 38	15.0	3	20
32 37	10.0	2	20
51 96	10.0	2	20
52 95	10.0	2	20
53 94	10.0	2	20
56 91	10.0	2	20
57 90	10.0	2	20
58 89	10.0	2	20
59 88	10.0	2	20
60 87	10.0	2	20
61 86	10.0	2	20
62 85	10.0	2	20
63 84	10.0	2	20
64 83	10.0	2	20
66 82	5.0	1	20
67 81	10.0	2	20
68 80	10.0	2	20
111 206	5.0	1	20
166 205	5.0	1	20
168 203	5.0	1	20
169 202	5.0	1	20
170 201	5.0	1	20
172 199	5.0	1	20
173 198	5.0	1	20
174 197	10.0	2	20
175 196	10.0	2	20
176 195	10.0	2	20
177 194	10.0	2	20
178 193	10.0	2	20
179 192	10.0	2	20
180 191	5.0	1	20
181 189	5.0	1	20
182 188	5.0	1	20
1997 2077	5.0	1	20
1998 2076	5.0	1	20
1999 2075	5.0	1	20
2000 2074	5.0	1	20
2004 2069	5.0	1	20
2005 2068	5.0	1	20
2006 2067	5.0	1	20
2007 2066	5.0	1	20
2008 2065	5.0	1	20
2009 2064	5.0	1	20
2010 2063	5.0	1	20
2011 2034	5.0	1	20
2012 2033	5.0	1	20
2013 2032	5.0	1	20
2014 2031	5.0	1	20
2016 2029	5.0	1	20
2017 2028	5.0	1	20
2018 2027	5.0	1	20
2042 2062	5.0	1	20
2043 2058	5.0	1	20
2045 2056	5.0	1	20
2046 2055	5.0	1	20
2047 2054	5.0	1	20
3356 3440	5.0	1	20
3357 3439	5.0	1	20
3358 3438	5.0	1	20
3359 3437	5.0	1	20
3360 3436	5.0	1	20
3361 3435	5.0	1	20
3362 3434	5.0	1	20
3363 3433	5.0	1	20
3608 3700	5.0	1	20
3609 3699	5.0	1	20
3610 3698	5.0	1	20
3612 3696	5.0	1	20
3613 3695	5.0	1	20
3615 3693	5.0	1	20
3616 3692	5.0	1	20
3617 3691	5.0	1	20
3618 3689	5.0	1	20
3619 3688	5.0	1	20
3620 3687	5.0	1	20
3621 3686	5.0	1	20
3622 3685	5.0	1	20
3623 3684	5.0	1	20
3624 3683	5.0	1	20
3627 3680	5.0	1	20
3629 3678	5.0	1	20
3630 3677	5.0	1	20
3631 3676	5.0	1	20
3632 3675	5.0	1	20
3633 3674	5.0	1	20
3634 3673	5.0	1	20
3635 3672	5.0	1	20
5650 5714	5.0	1	20
5652 5712	5.0	1	20
5653 5711	5.0	1	20
5655 5709	5.0	1	20
5657 5707	5.0	1	20
9229 9308	5.0	1	20
9230 9307	5.0	1	20
9231 9306	5.0	1	20
9232 9305	5.0	1	20
9235 9303	5.0	1	20
9236 9302	5.0	1	20
9237 9301	5.0	1	20
9890 9984	5.0	1	20
9891 9983	5.0	1	20
9892 9982	5.0	1	20
9893 9981	5.0	1	20
9894 9980	5.0	1	20
9897 9977	5.0	1	20
9898 9976	5.0	1	20
9899 9975	5.0	1	20
4 173	5.0	1	20
5 172	5.0	1	20
6 171	5.0	1	20
65 82	5.0	1	20
169 203	5.0	1	20
170 202	5.0	1	20
183 190	5.0	1	20
184 189	5.0	1	20
206 226	10.0	2	20
207 225	10.0	2	20
208 224	10.0	2	20
209 223	10.0	2	20
210 222	10.0	2	20
211 221	10.0	2	20
212 220	10.0	2	20
414 571	5.0	1	20
415 570	5.0	1	20
416 569	5.0	1	20
417 568	5.0	1	20
854 882	5.0	1	20
860 875	5.0	1	20
861 874	5.0	1	20
862 873	5.0	1	20
863 872	5.0	1	20
864 871	5.0	1	20
884 962	5.0	1	20
886 961	5.0	1	20
889 958	5.0	1	20
890 957	5.0	1	20
891 956	5.0	1	20
892 955	5.0	1	20
893 954	5.0	1	20
894 951	5.0	1	20
895 950	5.0	1	20
896 949	5.0	1	20
897 948	5.0	1	20
898 947	5.0	1	20
899 946	5.0	1	20
902 943	5.0	1	20
903 942	5.0	1	20
904 941	5.0	1	20
905 940	5.0	1	20
907 939	5.0	1	20
908 938	5.0	1	20
909 937	5.0	1	20
910 936	5.0	1	20
911 935	5.0	1	20
912 934	5.0	1	20
917 931	5.0	1	20
918 930	5.0	1	20
919 929	5.0	1	20
920 928	5.0	1	20
921 927	5.0	1	20
922 926	5.0	1	20
2285 2308	5.0	1	20
2286 2307	5.0	1	20
2290 2303	5.0	1	20
2311 2374	5.0	1	20
2312 2373	5.0	1	20
2314 2371	5.0	1	20
2315 2370	5.0	1	20
2316 2369	5.0	1	20
2317 2368	5.0	1	20
2318 2367	5.0	1	20
2319 2366	5.0	1	20
2320 2365	5.0	1	20
2321 2364	5.0	1	20
2324 2361	5.0	1	20
2325 2360	5.0	1	20
2326 2359	5.0	1	20
2327 2358	5.0	1	20
2328 2356	5.0	1	20
2329 2355	5.0	1	20
2330 2354	5.0	1	20
2331 2353	5.0	1	20
2332 2352	5.0	1	20
2333 2351	5.0	1	20
2334 2350	5.0	1	20
2336 2348	5.0	1	20
2337 2347	5.0	1	20
2338 2346	5.0	1	20
2339 2345	5.0	1	20
2395 2401	5.0	1	20
2396 2400	5.0	1	20
3422 3462	5.0	1	20
3425 3459	5.0	1	20
3429 3457	5.0	1	20
3430 3456	5.0	1	20
3432 3454	5.0	1	20
3433 3453	5.0	1	20
3434 3452	5.0	1	20
3435 3451	5.0	1	20
3436 3450	5.0	1	20
3437 3449	5.0	1	20
3438 3448	5.0	1	20
3439 3447	5.0	1	20
3591 3687	5.0	1	20
3592 3686	5.0	1	20
3593 3684	5.0	1	20
3594 3683	5.0	1	20
3595 3682	5.0	1	20
3596 3681	5.0	1	20
3597 3680	5.0	1	20
3598 3679	5.0	1	20
3599 3678	5.0	1	20
3601 3676	5.0	1	20
3602 3675	5.0	1	20
3606 3672	5.0	1	20
3607 3671	5.0	1	20
3608 3670	5.0	1	20
3609 3669	5.0	1	20
3610 3666	5.0	1	20
3611 3665	5.0	1	20
3612 3664	5.0	1	20
3615 3661	5.0	1	20
3616 3659	5.0	1	20
3617 3658	5.0	1	20
3618 3657	5.0	1	20
3619 3656	5.0	1	20
3620 3655	5.0	1	20
3621 3654	5.0	1	20
3622 3653	5.0	1	20
3623 3652	5.0	1	20
3626 3650	5.0	1	20
3627 3649	5.0	1	20
3628 3648	5.0	1	20
3629 3645	5.0	1	20
3630 3644	5.0	1	20
3631 3643	5.0	1	20
3632 3642	5.0	1	20
3633 3641	5.0	1	20
3634 3640	5.0	1	20
3635 3639	5.0	1	20
4070 4120	5.0	1	20
4075 4112	5.0	1	20
4076 4111	5.0	1	20
4077 4110	5.0	1	20
4078 4109	5.0	1	20
4079 4108	5.0	1	20
4080 4107	5.0	1	20
4081 4106	5.0	1	20
4084 4103	5.0	1	20
4085 4102	5.0	1	20
4086 4101	5.0	1	20
4087 4100	5.0	1	20
4088 4099	5.0	1	20
4089 4098	5.0	1	20
4090 4097	5.0	1	20
4091 4096	5.0	1	20
4128 4164	5.0	1	20
4135 4163	5.0	1	20
4136 4162	5.0	1	20
4137 4161	5.0	1	20
4140 4158	5.0	1	20
4141 4157	5.0	1	20
4142 4156	5.0	1	20
4143 4155	5.0	1	20
4147 4154	5.0	1	20
4189 4211	5.0	1	20
4190 4210	5.0	1	20
4191 4209	5.0	1	20
4192 4208	5.0	1	20
4795 4827	5.0	1	20
4796 4826	5.0	1	20
4797 4825	5.0	1	20
4800 4822	5.0	1	20
4803 4819	5.0	1	20
4804 4818	5.0	1	20
4805 4817	5.0	1	20
4807 4815	5.0	1	20
4808 4814	5.0	1	20
4809 4813	5.0	1	20
4832 4859	5.0	1	20
4833 4858	5.0	1	20
4834 4855	5.0	1	20
4835 4854	5.0	1	20
4836 4853	5.0	1	20
4837 4852	5.0	1	20
4838 4851	5.0	1	20
4839 4850	5.0	1	20
4840 4849	5.0	1	20
4841 4848	5.0	1	20
5210 5301	5.0	1	20
5211 5300	5.0	1	20
5218 5299	5.0	1	20
5219 5298	5.0	1	20
5220 5297	5.0	1	20
5221 5296	5.0	1	20
6848 6958	5.0	1	20
8688 8795	5.0	1	20
9896 10012	5.0	1	20
10416 10391	5.0	1	20
10506 10441	5.0	1	20
10464 10446	5.0	1	20
10463 10447	5.0	1	20
10449 10377	5.0	1	20
10450 10376	5.0	1	20
10512 10451	5.0	1	20
10498 10467	5.0	1	20
10497 10468	5.0	1	20
10496 10469	5.0	1	20
10495 10470	5.0	1	20
10494 10471	5.0	1	20
10491 10473	5.0	1	20
10490 10474	5.0	1	20
10489 10475	5.0	1	20
10482 10476	5.0	1	20
10499 10466	5.0	1	20
10500 10465	5.0	1	20
10511 10452	5.0	1	20
2 16	10.0	2	20
3 15	10.0	2	20
4 14	10.0	2	20
12 136	5.0	1	20
13 135	5.0	1	20
23 66	5.0	1	20
24 65	5.0	1	20
25 64	5.0	1	20
27 59	5.0	1	20
28 58	5.0	1	20
29 57	5.0	1	20
30 56	5.0	1	20
31 55	5.0	1	20
32 54	5.0	1	20
33 53	5.0	1	20
34 52	5.0	1	20
35 42	5.0	1	20
36 41	5.0	1	20
67 91	5.0	1	20
68 90	5.0	1	20
69 89	5.0	1	20
70 88	5.0	1	20
71 87	5.0	1	20
95 124	5.0	1	20
96 123	5.0	1	20
97 122	5.0	1	20
98 121	5.0	1	20
99 120	5.0	1	20
100 119	5.0	1	20
101 118	5.0	1	20
102 117	5.0	1	20
103 116	5.0	1	20
104 115	5.0	1	20
105 114	5.0	1	20
106 113	5.0	1	20
189 304	5.0	1	20
194 301	5.0	1	20
195 300	5.0	1	20
196 299	5.0	1	20
197 298	5.0	1	20
198 297	5.0	1	20
199 295	5.0	1	20
200 294	5.0	1	20
201 293	5.0	1	20
202 292	5.0	1	20
794 889	5.0	1	20
795 888	5.0	1	20
796 887	5.0	1	20
797 886	5.0	1	20
798 884	5.0	1	20
800 882	5.0	1	20
801 881	5.0	1	20
802 880	5.0	1	20
804 878	5.0	1	20
805 877	5.0	1	20
806 876	5.0	1	20
807 875	5.0	1	20
808 874	5.0	1	20
809 873	5.0	1	20
810 872	5.0	1	20
812 857	5.0	1	20
813 856	5.0	1	20
814 855	5.0	1	20
815 854	5.0	1	20
816 853	5.0	1	20
820 851	5.0	1	20
1813 1922	5.0	1	20
1814 1921	5.0	1	20
1815 1920	5.0	1	20
1816 1919	5.0	1	20
1817 1918	5.0	1	20
1818 1917	5.0	1	20
1819 1916	5.0	1	20
1821 1915	5.0	1	20
1822 1914	5.0	1	20
1823 1913	5.0	1	20
1824 1912	5.0	1	20
1825 1911	5.0	1	20
2352 2444	5.0	1	20
2353 2443	5.0	1	20
2355 2441	5.0	1	20
2356 2440	5.0	1	20
2357 2439	5.0	1	20
2358 2434	5.0	1	20
2359 2433	5.0	1	20
2360 2432	5.0	1	20
2361 2431	5.0	1	20
2363 2429	5.0	1	20
2364 2428	5.0	1	20
2365 2427	5.0	1	20
2366 2426	5.0	1	20
2877 2987	5.0	1	20
2879 2985	5.0	1	20
2880 2984	5.0	1	20
2883 2980	5.0	1	20
2884 2979	5.0	1	20
2885 2978	5.0	1	20
2886 2977	5.0	1	20
4318 4372	5.0	1	20
4319 4371	5.0	1	20
4320 4370	5.0	1	20
4321 4369	5.0	1	20
4323 4367	5.0	1	20
4324 4366	5.0	1	20
4326 4365	5.0	1	20
4327 4364	5.0	1	20
4328 4363	5.0	1	20
4329 4362	5.0	1	20
4330 4361	5.0	1	20
4331 4360	5.0	1	20
4332 4359	5.0	1	20
4333 4357	5.0	1	20
4334 4356	5.0	1	20
4335 4355	5.0	1	20
4336 4354	5.0	1	20
4337 4353	5.0	1	20
4338 4352	5.0	1	20
4340 4350	5.0	1	20
4341 4349	5.0	1	20
4342 4348	5.0	1	20
4343 4347	5.0	1	20
4821 4862	5.0	1	20
4823 4860	5.0	1	20
4824 4859	5.0	1	20
4828 4853	5.0	1	20
4829 4852	5.0	1	20
4830 4851	5.0	1	20
4831 4850	5.0	1	20
4832 4849	5.0	1	20
4833 4848	5.0	1	20
4835 4845	5.0	1	20
4836 4844	5.0	1	20
4837 4843	5.0	1	20
4838 4842	5.0	1	20
4867 4935	5.0	1	20
4868 4934	5.0	1	20
4869 4933	5.0	1	20
4870 4932	5.0	1	20
4871 4931	5.0	1	20
4872 4930	5.0	1	20
4873 4929	5.0	1	20
4874 4928	5.0	1	20
4876 4926	5.0	1	20
4877 4925	5.0	1	20
4878 4924	5.0	1	20
4879 4923	5.0	1	20
4880 4922	5.0	1	20
4881 4921	5.0	1	20
4882 4918	5.0	1	20
4883 4917	5.0	1	20
4884 4916	5.0	1	20
4885 4915	5.0	1	20
4886 4914	5.0	1	20
4887 4913	5.0	1	20
4889 4911	5.0	1	20
4895 4905	5.0	1	20
4896 4904	5.0	1	20
4897 4903	5.0	1	20
5980 6064	5.0	1	20
5981 6063	5.0	1	20
5982 6062	5.0	1	20
5983 6061	5.0	1	20
5984 6060	5.0	1	20
5985 6059	5.0	1	20
5986 6058	5.0	1	20
5987 6057	5.0	1	20
5988 6056	5.0	1	20
5989 6055	5.0	1	20
5990 6053	5.0	1	20
5991 6052	5.0	1	20
5992 6051	5.0	1	20
5993 6050	5.0	1	20
5994 6049	5.0	1	20
5996 6047	5.0	1	20
5997 6046	5.0	1	20
5998 6045	5.0	1	20
5999 6044	5.0	1	20
6000 6043	5.0	1	20
6005 6036	5.0	1	20
6006 6035	5.0	1	20
6007 6034	5.0	1	20
6008 6033	5.0	1	20
6009 6032	5.0	1	20
6010 6031	5.0	1	20
6011 6030	5.0	1	20
6012 6029	5.0	1	20
6013 6028	5.0	1	20
6014 6026	5.0	1	20
6015 6025	5.0	1	20
6467 6486	5.0	1	20
6468 6485	5.0	1	20
6469 6484	5.0	1	20
6470 6483	5.0	1	20
6471 6482	5.0	1	20
6472 6481	5.0	1	20
6473 6480	5.0	1	20
6493 6573	5.0	1	20
6494 6572	5.0	1	20
6495 6571	5.0	1	20
6497 6569	5.0	1	20
6498 6566	5.0	1	20
6499 6565	5.0	1	20
6500 6564	5.0	1	20
6501 6562	5.0	1	20
6502 6561	5.0	1	20
6503 6560	5.0	1	20
6505 6559	5.0	1	20
6506 6558	5.0	1	20
6507 6557	5.0	1	20
6508 6556	5.0	1	20
6509 6555	5.0	1	20
6510 6554	5.0	1	20
6511 6553	5.0	1	20
6515 6551	5.0	1	20
6516 6550	5.0	1	20
6519 6547	5.0	1	20
6520 6546	5.0	1	20
6521 6545	5.0	1	20
6522 6544	5.0	1	20
6523 6543	5.0	1	20
6524 6541	5.0	1	20
6525 6540	5.0	1	20
6526 6539	5.0	1	20
6527 6538	5.0	1	20
6528 6537	5.0	1	20
6529 6536	5.0	1	20
6530 6535	5.0	1	20
6592 6602	5.0	1	20
6593 6601	5.0	1	20
6594 6600	5.0	1	20
6595 6599	5.0	1	20
7050 7151	5.0	1	20
7051 7150	5.0	1	20
7052 7149	5.0	1	20
7053 7148	5.0	1	20
7106 7143	5.0	1	20
7107 7142	5.0	1	20
7108 7141	5.0	1	20
7109 7140	5.0	1	20
7516 7610	5.0	1	20
7517 7609	5.0	1	20
7518 7608	5.0	1	20
7519 7607	5.0	1	20
7520 7606	5.0	1	20
7521 7605	5.0	1	20
7522 7604	5.0	1	20
7527 7600	5.0	1	20
7528 7599	5.0	1	20
7529 7598	5.0	1	20
7569 7583	5.0	1	20
8915 8942	5.0	1	20
8916 8941	5.0	1	20
8917 8940	5.0	1	20
8918 8939	5.0	1	20
8919 8938	5.0	1	20
9581 9634	5.0	1	20
9582 9633	5.0	1	20
9584 9631	5.0	1	20
9585 9630	5.0	1	20
9592 9624	5.0	1	20
9593 9622	5.0	1	20
9594 9621	5.0	1	20
9595 9620	5.0	1	20
9596 9619	5.0	1	20
9597 9618	5.0	1	20
9598 9616	5.0	1	20
9600 9614	5.0	1	20
9601 9613	5.0	1	20
9602 9612	5.0	1	20
161 202	5.0	1	20
162 201	5.0	1	20
163 200	5.0	1	20
164 199	5.0	1	20
165 194	5.0	1	20
166 193	5.0	1	20
167 192	5.0	1	20
168 191	5.0	1	20
170 188	5.0	1	20
171 187	5.0	1	20
172 186	5.0	1	20
173 185	5.0	1	20
174 184	5.0	1	20
175 183	5.0	1	20
176 182	5.0	1	20
177 181	5.0	1	20
219 241	5.0	1	20
220 240	5.0	1	20
221 239	5.0	1	20
222 238	5.0	1	20
223 237	5.0	1	20
224 236	5.0	1	20
225 235	5.0	1	20
226 234	5.0	1	20
227 233	5.0	1	20
256 363	5.0	1	20
258 361	5.0	1	20
280 360	5.0	1	20
281 359	5.0	1	20
282 358	5.0	1	20
283 357	5.0	1	20
284 356	5.0	1	20
292 351	5.0	1	20
293 350	5.0	1	20
294 348	5.0	1	20
296 346	5.0	1	20
297 345	5.0	1	20
298 344	5.0	1	20
299 343	5.0	1	20
300 342	5.0	1	20
301 341	5.0	1	20
303 339	5.0	1	20
304 338	5.0	1	20
305 337	5.0	1	20
306 336	5.0	1	20
307 335	5.0	1	20
308 334	5.0	1	20
309 333	5.0	1	20
310 332	5.0	1	20
314 331	5.0	1	20
315 330	5.0	1	20
316 329	5.0	1	20
317 328	5.0	1	20
318 327	5.0	1	20
319 326	5.0	1	20
1332 1419	5.0	1	20
1333 1418	5.0	1	20
1337 1414	5.0	1	20
1338 1412	5.0	1	20
1339 1411	5.0	1	20
1340 1410	5.0	1	20
1341 1409	5.0	1	20
1342 1408	5.0	1	20
1343 1407	5.0	1	20
2409 2461	5.0	1	20
2410 2460	5.0	1	20
2499 2587	5.0	1	20
2500 2586	5.0	1	20
2501 2585	5.0	1	20
2502 2584	5.0	1	20
2503 2583	5.0	1	20
2504 2582	5.0	1	20
2505 2581	5.0	1	20
2506 2580	5.0	1	20
2507 2578	5.0	1	20
2508 2575	5.0	1	20
2509 2574	5.0	1	20
2510 2573	5.0	1	20
2511 2572	5.0	1	20
2514 2569	5.0	1	20
2515 2568	5.0	1	20
2516 2567	5.0	1	20
2517 2566	5.0	1	20
2518 2565	5.0	1	20
2519 2564	5.0	1	20
2520 2563	5.0	1	20
2521 2562	5.0	1	20
2522 2561	5.0	1	20
2525 2560	5.0	1	20
2526 2559	5.0	1	20
2527 2558	5.0	1	20
2528 2557	5.0	1	20
2529 2556	5.0	1	20
2530 2555	5.0	1	20
2531 2554	5.0	1	20
2532 2553	5.0	1	20
2534 2551	5.0	1	20
2538 2547	5.0	1	20
2539 2546	5.0	1	20
3043 3054	5.0	1	20
3465 3576	5.0	1	20
3466 3575	5.0	1	20
3467 3574	5.0	1	20
3468 3570	5.0	1	20
3469 3569	5.0	1	20
3470 3568	5.0	1	20
3472 3566	5.0	1	20
3473 3564	5.0	1	20
4562 4631	5.0	1	20
4563 4630	5.0	1	20
4564 4629	5.0	1	20
4565 4628	5.0	1	20
4566 4627	5.0	1	20
4567 4626	5.0	1	20
4573 4621	5.0	1	20
4574 4620	5.0	1	20
4575 4619	5.0	1	20
4576 4618	5.0	1	20
4580 4614	5.0	1	20
4581 4613	5.0	1	20
4582 4612	5.0	1	20
4583 4611	5.0	1	20
4585 4610	5.0	1	20
4586 4609	5.0	1	20
4587 4608	5.0	1	20
6783 6892	5.0	1	20
6784 6891	5.0	1	20
6788 6887	5.0	1	20
7488 7574	5.0	1	20
7489 7573	5.0	1	20
7498 7555	5.0	1	20
7499 7554	5.0	1	20
7500 7553	5.0	1	20
7501 7552	5.0	1	20
7502 7551	5.0	1	20
7503 7550	5.0	1	20
7504 7547	5.0	1	20
7505 7546	5.0	1	20
8273 8345	5.0	1	20
8274 8344	5.0	1	20
8275 8343	5.0	1	20
8276 8342	5.0	1	20
8278 8340	5.0	1	20
8279 8339	5.0	1	20
8280 8338	5.0	1	20
8283 8334	5.0	1	20
9104 9188	5.0	1	20
9105 9187	5.0	1	20
9106 9186	5.0	1	20
9107 9184	5.0	1	20
9108 9183	5.0	1	20
9109 9182	5.0	1	20
9598 9699	5.0	1	20
9599 9698	5.0	1	20
9601 9695	5.0	1	20
9602 9694	5.0	1	20
9953 10034	5.0	1	20
9954 10033	5.0	1	20
9955 10032	5.0	1	20
5 13	5.0	1	20
6 12	5.0	1	20
22 47	5.0	1	20
59 105	5.0	1	20
60 104	5.0	1	20
61 103	5.0	1	20
62 102	5.0	1	20
63 101	5.0	1	20
65 99	5.0	1	20
66 98	5.0	1	20
77 94	5.0	1	20
78 93	5.0	1	20
79 92	5.0	1	20
80 91	5.0	1	20
81 90	5.0	1	20
82 89	5.0	1	20
83 88	5.0	1	20
117 222	5.0	1	20
118 221	5.0	1	20
119 220	5.0	1	20
120 219	5.0	1	20
166 218	5.0	1	20
167 217	5.0	1	20
168 216	5.0	1	20
169 215	5.0	1	20
170 214	5.0	1	20
171 213	5.0	1	20
172 212	5.0	1	20
178 209	5.0	1	20
179 208	5.0	1	20
180 207	5.0	1	20
181 206	5.0	1	20
182 205	5.0	1	20
183 204	5.0	1	20
184 203	5.0	1	20
187 200	5.0	1	20
188 199	5.0	1	20
189 198	5.0	1	20
190 197	5.0	1	20
191 196	5.0	1	20
233 258	5.0	1	20
234 257	5.0	1	20
235 256	5.0	1	20
236 255	5.0	1	20
237 254	5.0	1	20
238 253	5.0	1	20
239 252	5.0	1	20
240 251	5.0	1	20
241 250	5.0	1	20
242 249	5.0	1	20
309 399	5.0	1	20
311 397	5.0	1	20
312 396	5.0	1	20
313 395	5.0	1	20
314 394	5.0	1	20
317 390	5.0	1	20
318 389	5.0	1	20
319 388	5.0	1	20
697 752	5.0	1	20
700 749	5.0	1	20
755 791	5.0	1	20
756 790	5.0	1	20
757 789	5.0	1	20
758 788	5.0	1	20
759 787	5.0	1	20
760 786	5.0	1	20
761 785	5.0	1	20
762 784	5.0	1	20
763 783	5.0	1	20
764 782	5.0	1	20
765 781	5.0	1	20
767 780	5.0	1	20
768 779	5.0	1	20
769 778	5.0	1	20
794 817	5.0	1	20
795 816	5.0	1	20
796 815	5.0	1	20
798 814	5.0	1	20
799 813	5.0	1	20
801 812	5.0	1	20
802 811	5.0	1	20
803 810	5.0	1	20
1306 1338	5.0	1	20
1307 1337	5.0	1	20
1308 1336	5.0	1	20
1341 1374	5.0	1	20
1342 1373	5.0	1	20
1343 1372	5.0	1	20
1344 1371	5.0	1	20
1345 1370	5.0	1	20
1346 1369	5.0	1	20
1347 1368	5.0	1	20
1348 1366	5.0	1	20
1349 1365	5.0	1	20
1350 1364	5.0	1	20
1351 1363	5.0	1	20
1352 1362	5.0	1	20
1353 1361	5.0	1	20
1354 1360	5.0	1	20
1376 1386	5.0	1	20
1377 1385	5.0	1	20
1378 1384	5.0	1	20
1379 1383	5.0	1	20
5252 5341	5.0	1	20
5253 5340	5.0	1	20
5254 5339	5.0	1	20
5255 5338	5.0	1	20
5256 5337	5.0	1	20
5257 5336	5.0	1	20
5258 5335	5.0	1	20
5260 5333	5.0	1	20
5261 5332	5.0	1	20
5263 5330	5.0	1	20
5264 5329	5.0	1	20
5266 5294	5.0	1	20
5267 5293	5.0	1	20
5268 5292	5.0	1	20
5269 5290	5.0	1	20
5270 5289	5.0	1	20
5271 5288	5.0	1	20
5276 5283	5.0	1	20
5277 5282	5.0	1	20
5296 5326	5.0	1	20
5297 5325	5.0	1	20
5298 5324	5.0	1	20
5299 5323	5.0	1	20
5300 5322	5.0	1	20
5458 5498	5.0	1	20
5459 5497	5.0	1	20
5462 5493	5.0	1	20
5463 5492	5.0	1	20
5464 5491	5.0	1	20
5465 5490	5.0	1	20
5466 5489	5.0	1	20
5467 5488	5.0	1	20
5468 5487	5.0	1	20
5469 5486	5.0	1	20
5474 5482	5.0	1	20
5475 5481	5.0	1	20
5850 5893	5.0	1	20
5922 5949	5.0	1	20
5923 5948	5.0	1	20
5924 5947	5.0	1	20
5925 5946	5.0	1	20
5926 5945	5.0	1	20
5927 5944	5.0	1	20
5928 5943	5.0	1	20
5929 5942	5.0	1	20
5930 5941	5.0	1	20
5931 5940	5.0	1	20
5932 5939	5.0	1	20
5950 6002	5.0	1	20
5951 6001	5.0	1	20
5952 6000	5.0	1	20
5959 5999	5.0	1	20
5960 5998	5.0	1	20
5961 5997	5.0	1	20
6179 6233	5.0	1	20
6180 6232	5.0	1	20
6181 6231	5.0	1	20
6182 6230	5.0	1	20
6183 6228	5.0	1	20
6184 6227	5.0	1	20
6185 6226	5.0	1	20
6186 6225	5.0	1	20
6187 6224	5.0	1	20
6188 6223	5.0	1	20
6190 6221	5.0	1	20
6191 6220	5.0	1	20
6192 6219	5.0	1	20
6193 6218	5.0	1	20
6194 6217	5.0	1	20
6195 6211	5.0	1	20
6196 6210	5.0	1	20
6197 6209	5.0	1	20
6198 6208	5.0	1	20
6674 6783	5.0	1	20
6675 6782	5.0	1	20
6676 6781	5.0	1	20
6679 6778	5.0	1	20
6680 6777	5.0	1	20
6681 6776	5.0	1	20
6682 6775	5.0	1	20
6683 6774	5.0	1	20
6684 6773	5.0	1	20
6828 6940	5.0	1	20
6829 6939	5.0	1	20
6838 6936	5.0	1	20
6839 6935	5.0	1	20
6841 6933	5.0	1	20
6842 6932	5.0	1	20
6843 6931	5.0	1	20
8057 8145	5.0	1	20
8058 8144	5.0	1	20
8059 8142	5.0	1	20
8060 8141	5.0	1	20
8061 8140	5.0	1	20
8062 8139	5.0	1	20
8063 8138	5.0	1	20
8064 8137	5.0	1	20
8065 8136	5.0	1	20
8066 8135	5.0	1	20
8067 8134	5.0	1	20
8068 8130	5.0	1	20
8069 8129	5.0	1	20
8070 8128	5.0	1	20
8071 8127	5.0	1	20
8072 8126	5.0	1	20
8073 8124	5.0	1	20
8074 8123	5.0	1	20
8075 8122	5.0	1	20
8076 8121	5.0	1	20
8077 8120	5.0	1	20
8078 8119	5.0	1	20
8079 8118	5.0	1	20
8080 8117	5.0	1	20
8081 8114	5.0	1	20
8082 8113	5.0	1	20
8083 8112	5.0	1	20
8087 8108	5.0	1	20
8088 8107	5.0	1	20
8089 8106	5.0	1	20
8091 8104	5.0	1	20
8092 8102	5.0	1	20
8093 8101	5.0	1	20
8094 8100	5.0	1	20
8095 8099	5.0	1	20
8881 8985	5.0	1	20
8882 8984	5.0	1	20
8883 8983	5.0	1	20
8884 8982	5.0	1	20
8886 8979	5.0	1	20
8887 8977	5.0	1	20
8888 8976	5.0	1	20
9933 10007	5.0	1	20
9934 10006	5.0	1	20
9935 10005	5.0	1	20
9936 10004	5.0	1	20
9937 10003	5.0	1	20
9938 10001	5.0	1	20
9939 10000	5.0	1	20
9940 9999	5.0	1	20
9941 9998	5.0	1	20
9942 9997	5.0	1	20
9943 9996	5.0	1	20
9944 9995	5.0	1	20
9946 9993	5.0	1	20
9947 9992	5.0	1	20
9948 9991	5.0	1	20
9949 9990	5.0	1	20
9950 9989	5.0	1	20
10050 10148	5.0	1	20
10051 10147	5.0	1	20
10052 10146	5.0	1	20
10054 10144	5.0	1	20
10055 10143	5.0	1	20
10056 10142	5.0	1	20
10057 10141	5.0	1	20
10058 10140	5.0	1	20
10059 10139	5.0	1	20
10060 10137	5.0	1	20
10061 10136	5.0	1	20
10066 10130	5.0	1	20
10067 10129	5.0	1	20
10068 10128	5.0	1	20
10069 10127	5.0	1	20
10071 10126	5.0	1	20
10073 10124	5.0	1	20
10074 10123	5.0	1	20
10075 10122	5.0	1	20
10282 10358	5.0	1	20
10285 10355	5.0	1	20
10286 10354	5.0	1	20
10287 10352	5.0	1	20
10288 10351	5.0	1	20
10289 10349	5.0	1	20
10290 10348	5.0	1	20
2 54	5.0	1	20
10 46	5.0	1	20
11 45	5.0	1	20
12 44	5.0	1	20
13 43	5.0	1	20
14 42	5.0	1	20
15 41	5.0	1	20
16 39	5.0	1	20
17 38	5.0	1	20
18 37	5.0	1	20
67 83	5.0	1	20
68 82	5.0	1	20
69 81	5.0	1	20
108 199	5.0	1	20
109 198	5.0	1	20
110 197	5.0	1	20
111 196	5.0	1	20
112 195	5.0	1	20
113 194	5.0	1	20
114 193	5.0	1	20
115 192	5.0	1	20
116 191	5.0	1	20
117 190	5.0	1	20
118 189	5.0	1	20
119 188	5.0	1	20
120 187	5.0	1	20
121 186	5.0	1	20
122 182	5.0	1	20
123 181	5.0	1	20
124 180	5.0	1	20
125 179	5.0	1	20
126 178	5.0	1	20
128 176	5.0	1	20
129 175	5.0	1	20
130 174	5.0	1	20
132 172	5.0	1	20
203 229	5.0	1	20
204 228	5.0	1	20
205 227	5.0	1	20
213 219	5.0	1	20
214 218	5.0	1	20
1027 1080	5.0	1	20
1028 1079	5.0	1	20
1029 1078	5.0	1	20
1030 1077	5.0	1	20
1031 1076	5.0	1	20
1032 1075	5.0	1	20
1034 1073	5.0	1	20
1035 1072	5.0	1	20
1037 1070	5.0	1	20
1038 1069	5.0	1	20
1039 1068	5.0	1	20
1040 1067	5.0	1	20
1041 1066	5.0	1	20
1042 1065	5.0	1	20
1043 1064	5.0	1	20
1190 1299	5.0	1	20
1199 1291	5.0	1	20
1200 1290	5.0	1	20
1203 1287	5.0	1	20
1204 1286	5.0	1	20
1213 1221	5.0	1	20
1214 1220	5.0	1	20
1215 1219	5.0	1	20
1226 1307	5.0	1	20
1939 2045	5.0	1	20
1940 2044	5.0	1	20
1941 2043	5.0	1	20
1942 2042	5.0	1	20
1943 2041	5.0	1	20
1944 2040	5.0	1	20
1945 2039	5.0	1	20
1946 2038	5.0	1	20
1948 2037	5.0	1	20
1949 2036	5.0	1	20
1950 2035	5.0	1	20
1951 2033	5.0	1	20
1952 2032	5.0	1	20
1953 2031	5.0	1	20
1957 2030	5.0	1	20
1958 2029	5.0	1	20
1959 2028	5.0	1	20
1961 2027	5.0	1	20
1962 2026	5.0	1	20
1963 2025	5.0	1	20
1970 2021	5.0	1	20
1973 2018	5.0	1	20
1974 2017	5.0	1	20
1975 2016	5.0	1	20
1976 2015	5.0	1	20
1977 2014	5.0	1	20
2921 2977	5.0	1	20
2922 2976	5.0	1	20
2923 2975	5.0	1	20
2924 2974	5.0	1	20
2925 2973	5.0	1	20
2926 2972	5.0	1	20
2927 2971	5.0	1	20
2928 2970	5.0	1	20
2929 2969	5.0	1	20
4109 4221	5.0	1	20
4110 4220	5.0	1	20
4111 4219	5.0	1	20
4112 4218	5.0	1	20
4113 4217	5.0	1	20
4117 4214	5.0	1	20
4118 4213	5.0	1	20
4119 4212	5.0	1	20
4120 4211	5.0	1	20
4121 4210	5.0	1	20
4122 4209	5.0	1	20
4123 4208	5.0	1	20
4124 4207	5.0	1	20
4127 4204	5.0	1	20
4135 4202	5.0	1	20
4136 4201	5.0	1	20
4137 4200	5.0	1	20
4149 4196	5.0	1	20
4150 4195	5.0	1	20
4151 4194	5.0	1	20
4153 4192	5.0	1	20
4154 4191	5.0	1	20
4155 4190	5.0	1	20
4156 4189	5.0	1	20
4157 4188	5.0	1	20
4158 4187	5.0	1	20
4159 4186	5.0	1	20
4160 4184	5.0	1	20
4161 4183	5.0	1	20
4162 4182	5.0	1	20
4163 4181	5.0	1	20
4164 4180	5.0	1	20
4165 4178	5.0	1	20
4166 4177	5.0	1	20
4167 4176	5.0	1	20
4168 4175	5.0	1	20
4169 4174	5.0	1	20
4643 4745	5.0	1	20
4644 4744	5.0	1	20
4648 4741	5.0	1	20
4649 4740	5.0	1	20
4650 4739	5.0	1	20
4651 4738	5.0	1	20
4653 4736	5.0	1	20
4657 4735	5.0	1	20
4658 4729	5.0	1	20
4659 4728	5.0	1	20
4660 4727	5.0	1	20
4661 4726	5.0	1	20
4662 4725	5.0	1	20
4663 4724	5.0	1	20
4664 4723	5.0	1	20
4665 4722	5.0	1	20
4666 4706	5.0	1	20
4667 4705	5.0	1	20
4668 4704	5.0	1	20
4672 4703	5.0	1	20
4673 4695	5.0	1	20
4674 4694	5.0	1	20
4675 4693	5.0	1	20
4676 4692	5.0	1	20
4677 4691	5.0	1	20
4678 4690	5.0	1	20
4679 4688	5.0	1	20
4680 4687	5.0	1	20
4681 4686	5.0	1	20
4708 4718	5.0	1	20
4709 4717	5.0	1	20
4710 4716	5.0	1	20
6284 6311	5.0	1	20
6285 6310	5.0	1	20
6286 6309	5.0	1	20
6287 6308	5.0	1	20
6288 6307	5.0	1	20
6289 6306	5.0	1	20
6290 6305	5.0	1	20
6291 6304	5.0	1	20
6294 6301	5.0	1	20
6295 6300	5.0	1	20
6314 6326	10.0	2	20
6315 6325	10.0	2	20
6316 6324	10.0	2	20
6317 6323	10.0	2	20
6920 7009	5.0	1	20
6924 7002	5.0	1	20
6925 7001	5.0	1	20
6926 7000	5.0	1	20
6927 6999	5.0	1	20
6928 6998	5.0	1	20
6930 6995	5.0	1	20
8449 8512	5.0	1	20
8450 8511	5.0	1	20
8451 8510	5.0	1	20
8452 8509	5.0	1	20
8453 8508	5.0	1	20
8454 8507	5.0	1	20
8455 8506	5.0	1	20
8456 8505	5.0	1	20
8457 8504	5.0	1	20
8458 8503	5.0	1	20
8459 8502	5.0	1	20
8462 8501	5.0	1	20
8463 8500	5.0	1	20
8469 8498	5.0	1	20
8470 8497	5.0	1	20
8473 8494	5.0	1	20
8474 8493	5.0	1	20
8475 8492	5.0	1	20
8476 8491	5.0	1	20
8477 8490	5.0	1	20
8478 8489	5.0	1	20
8479 8488	5.0	1	20
8480 8487	5.0	1	20
8481 8486	5.0	1	20
9249 9303	5.0	1	20
9250 9302	5.0	1	20
9251 9301	5.0	1	20
9252 9300	5.0	1	20
9254 9297	5.0	1	20
9255 9296	5.0	1	20
9256 9295	5.0	1	20
9257 9294	5.0	1	20
9259 9293	5.0	1	20
9260 9292	5.0	1	20
9261 9291	5.0	1	20
9262 9290	5.0	1	20
9263 9289	5.0	1	20
9270 9282	5.0	1	20
9271 9281	5.0	1	20
9273 9279	5.0	1	20
9274 9278	5.0	1	20
9703 9783	5.0	1	20
9704 9782	5.0	1	20
9705 9781	5.0	1	20
9706 9780	5.0	1	20
9707 9779	5.0	1	20
17 214	5.0	1	20
46 209	10.0	2	20
47 208	10.0	2	20
48 207	10.0	2	20
108 206	5.0	1	20
109 205	5.0	1	20
110 204	5.0	1	20
111 203	5.0	1	20
166 202	5.0	1	20
167 201	5.0	1	20
168 200	5.0	1	20
169 199	5.0	1	20
170 198	5.0	1	20
171 197	5.0	1	20
172 195	5.0	1	20
173 194	10.0	2	20
174 193	10.0	2	20
175 192	10.0	2	20
176 191	10.0	2	20
177 190	10.0	2	20
178 189	10.0	2	20
180 187	10.0	2	20
181 186	10.0	2	20
223 242	5.0	1	20
658 756	5.0	1	20
664 749	5.0	1	20
665 748	5.0	1	20
666 747	5.0	1	20
667 746	5.0	1	20
668 745	5.0	1	20
669 740	5.0	1	20
670 739	5.0	1	20
671 738	5.0	1	20
672 737	5.0	1	20
673 736	5.0	1	20
674 735	5.0	1	20
675 734	5.0	1	20
676 733	5.0	1	20
680 732	5.0	1	20
681 731	5.0	1	20
682 730	5.0	1	20
683 726	5.0	1	20
684 725	5.0	1	20
685 724	5.0	1	20
1285 1332	5.0	1	20
1286 1331	5.0	1	20
1287 1330	5.0	1	20
1288 1329	5.0	1	20
1291 1326	5.0	1	20
1292 1325	5.0	1	20
1293 1324	5.0	1	20
1294 1323	5.0	1	20
1295 1322	5.0	1	20
1296 1321	5.0	1	20
1297 1320	5.0	1	20
1298 1318	5.0	1	20
1299 1317	5.0	1	20
1300 1316	5.0	1	20
1301 1315	5.0	1	20
1303 1313	5.0	1	20
1304 1312	5.0	1	20
1305 1311	5.0	1	20
1342 1388	5.0	1	20
1343 1387	5.0	1	20
1344 1386	5.0	1	20
1345 1385	5.0	1	20
1346 1384	5.0	1	20
1348 1380	5.0	1	20
1349 1379	5.0	1	20
1350 1378	5.0	1	20
1351 1377	5.0	1	20
1352 1376	5.0	1	20
1355 1375	5.0	1	20
1356 1374	5.0	1	20
1359 1371	5.0	1	20
1360 1370	5.0	1	20
1361 1369	5.0	1	20
1362 1368	5.0	1	20
1363 1367	5.0	1	20
1471 1504	5.0	1	20
1472 1503	5.0	1	20
1473 1502	5.0	1	20
1474 1501	5.0	1	20
1478 1497	5.0	1	20
1479 1496	5.0	1	20
1480 1495	5.0	1	20
1481 1494	5.0	1	20
1482 1493	5.0	1	20
1483 1492	5.0	1	20
1484 1491	5.0	1	20
1485 1490	5.0	1	20
2988 3033	5.0	1	20
2989 3032	5.0	1	20
2991 3030	5.0	1	20
2995 3028	5.0	1	20
2996 3027	5.0	1	20
2997 3026	5.0	1	20
2998 3025	5.0	1	20
2999 3024	5.0	1	20
3000 3023	5.0	1	20
3001 3020	5.0	1	20
3002 3019	5.0	1	20
3003 3018	5.0	1	20
3004 3017	5.0	1	20
3005 3016	5.0	1	20
6199 6284	5.0	1	20
6200 6283	5.0	1	20
6304 6387	5.0	1	20
6305 6386	5.0	1	20
6306 6385	5.0	1	20
6307 6384	5.0	1	20
6309 6382	5.0	1	20
6310 6381	5.0	1	20
6311 6380	5.0	1	20
6320 6372	5.0	1	20
6321 6371	5.0	1	20
6323 6369	5.0	1	20
6324 6368	5.0	1	20
6325 6367	5.0	1	20
6330 6361	5.0	1	20
6331 6360	5.0	1	20
6332 6359	5.0	1	20
6333 6358	5.0	1	20
6334 6357	5.0	1	20
6335 6356	5.0	1	20
6336 6355	5.0	1	20
6337 6354	5.0	1	20
6338 6353	5.0	1	20
6339 6352	5.0	1	20
6340 6351	5.0	1	20
6342 6349	5.0	1	20
6343 6348	5.0	1	20
6743 6798	5.0	1	20
6744 6797	5.0	1	20
6745 6796	5.0	1	20
6746 6795	5.0	1	20
6747 6794	5.0	1	20
6749 6793	5.0	1	20
6750 6792	5.0	1	20
6751 6791	5.0	1	20
6752 6787	5.0	1	20
6753 6786	5.0	1	20
6754 6785	5.0	1	20
6809 6835	5.0	1	20
6810 6834	5.0	1	20
6811 6833	5.0	1	20
6812 6832	5.0	1	20
6813 6831	5.0	1	20
6814 6830	5.0	1	20
6815 6829	5.0	1	20
6816 6828	5.0	1	20
6817 6827	5.0	1	20
6818 6826	5.0	1	20
6819 6825	5.0	1	20
7588 7691	5.0	1	20
7589 7690	5.0	1	20
7592 7685	5.0	1	20
7593 7684	5.0	1	20
7594 7683	5.0	1	20
7595 7682	5.0	1	20
7596 7681	5.0	1	20
7597 7680	5.0	1	20
7598 7677	5.0	1	20
7599 7676	5.0	1	20
7600 7675	5.0	1	20
9039 9075	5.0	1	20
9040 9074	5.0	1	20
9041 9073	5.0	1	20
9042 9072	5.0	1	20
9043 9071	5.0	1	20
9149 9177	5.0	1	20
9150 9176	5.0	1	20
9151 9175	5.0	1	20
9153 9174	5.0	1	20
9154 9173	5.0	1	20
9155 9172	5.0	1	20
9180 9191	5.0	1	20
9196 9239	5.0	1	20
9197 9238	5.0	1	20
9198 9237	5.0	1	20
9199 9236	5.0	1	20
9200 9235	5.0	1	20
9201 9234	5.0	1	20
9202 9233	5.0	1	20
9203 9232	5.0	1	20
9204 9231	5.0	1	20
9205 9230	5.0	1	20
9206 9229	5.0	1	20
9207 9228	5.0	1	20
9209 9227	5.0	1	20
9210 9226	5.0	1	20
9211 9225	5.0	1	20
9212 9224	5.0	1	20
9213 9223	5.0	1	20
9214 9222	5.0	1	20
9250 9315	5.0	1	20
9252 9271	5.0	1	20
9253 9270	5.0	1	20
9254 9269	5.0	1	20
9255 9268	5.0	1	20
9256 9267	5.0	1	20
9273 9291	5.0	1	20
9276 9287	5.0	1	20
9277 9286	5.0	1	20
9278 9285	5.0	1	20
168 215	5.0	1	20
169 214	5.0	1	20
170 213	5.0	1	20
173 211	5.0	1	20
174 210	5.0	1	20
321 332	5.0	1	20
322 331	5.0	1	20
323 330	5.0	1	20
324 329	5.0	1	20
1712 1780	5.0	1	20
1713 1779	5.0	1	20
1714 1778	5.0	1	20
1715 1777	5.0	1	20
1716 1776	5.0	1	20
1718 1774	5.0	1	20
1719 1773	5.0	1	20
1720 1772	5.0	1	20
1721 1771	5.0	1	20
1722 1770	5.0	1	20
1723 1769	5.0	1	20
1724 1768	5.0	1	20
1725 1767	5.0	1	20
1726 1766	5.0	1	20
1728 1765	5.0	1	20
1729 1764	5.0	1	20
1730 1763	5.0	1	20
1731 1762	5.0	1	20
1734 1761	5.0	1	20
1735 1760	5.0	1	20
1738 1757	5.0	1	20
1739 1756	5.0	1	20
1740 1755	5.0	1	20
1741 1754	5.0	1	20
1742 1753	5.0	1	20
1743 1752	5.0	1	20
2315 2409	5.0	1	20
2316 2408	5.0	1	20
2317 2407	5.0	1	20
2318 2406	5.0	1	20
2319 2405	5.0	1	20
2320 2404	5.0	1	20
2321 2403	5.0	1	20
2333 2391	5.0	1	20
2334 2390	5.0	1	20
2335 2389	5.0	1	20
2338 2386	5.0	1	20
3575 3601	5.0	1	20
3576 3600	5.0	1	20
3577 3599	5.0	1	20
4857 4972	5.0	1	20
4858 4971	5.0	1	20
4859 4970	5.0	1	20
4860 4969	5.0	1	20
4861 4968	5.0	1	20
4862 4967	5.0	1	20
6259 6363	5.0	1	20
6260 6362	5.0	1	20
6269 6353	5.0	1	20
6276 6347	5.0	1	20
6277 6346	5.0	1	20
6278 6345	5.0	1	20
6279 6344	5.0	1	20
6280 6343	5.0	1	20
6281 6342	5.0	1	20
6282 6341	5.0	1	20
6287 6294	5.0	1	20
6288 6293	5.0	1	20
6298 6339	5.0	1	20
6299 6338	5.0	1	20
6300 6337	5.0	1	20
6302 6335	5.0	1	20
6303 6334	5.0	1	20
6304 6333	5.0	1	20
6305 6332	5.0	1	20
6306 6331	5.0	1	20
6310 6330	5.0	1	20
6311 6329	5.0	1	20
6312 6328	5.0	1	20
6318 6322	5.0	1	20
6387 6432	5.0	1	20
6388 6431	5.0	1	20
6392 6427	5.0	1	20
6393 6426	5.0	1	20
6780 6891	5.0	1	20
6781 6890	5.0	1	20
7303 7332	5.0	1	20
7304 7331	5.0	1	20
7305 7330	5.0	1	20
7306 7329	5.0	1	20
7309 7328	5.0	1	20
7310 7327	5.0	1	20
7311 7326	5.0	1	20
7312 7325	5.0	1	20
7313 7324	5.0	1	20
7314 7323	5.0	1	20
104 207	5.0	1	20
105 206	5.0	1	20
106 205	5.0	1	20
107 204	5.0	1	20
108 203	5.0	1	20
109 201	5.0	1	20
110 200	5.0	1	20
111 199	5.0	1	20
166 198	5.0	1	20
167 197	5.0	1	20
168 196	5.0	1	20
169 195	5.0	1	20
218 248	5.0	1	20
219 244	5.0	1	20
220 243	5.0	1	20
221 240	5.0	1	20
222 239	5.0	1	20
223 238	5.0	1	20
224 237	5.0	1	20
227 234	5.0	1	20
228 233	5.0	1	20
534 641	5.0	1	20
535 640	5.0	1	20
536 639	5.0	1	20
538 636	5.0	1	20
539 635	5.0	1	20
540 634	5.0	1	20
541 633	5.0	1	20
542 632	5.0	1	20
543 631	5.0	1	20
544 630	5.0	1	20
746 784	5.0	1	20
747 783	5.0	1	20
748 782	5.0	1	20
749 781	5.0	1	20
750 780	5.0	1	20
751 779	5.0	1	20
752 778	5.0	1	20
753 777	5.0	1	20
755 775	5.0	1	20
756 774	5.0	1	20
757 773	5.0	1	20
758 772	5.0	1	20
760 770	5.0	1	20
761 769	5.0	1	20
762 768	5.0	1	20
1431 1476	5.0	1	20
1432 1475	5.0	1	20
1433 1474	5.0	1	20
1434 1473	5.0	1	20
1435 1472	5.0	1	20
1436 1471	5.0	1	20
1441 1469	5.0	1	20
1442 1468	5.0	1	20
1443 1467	5.0	1	20
1444 1466	5.0	1	20
1445 1465	5.0	1	20
1446 1464	5.0	1	20
1447 1463	5.0	1	20
1448 1462	5.0	1	20
1531 1542	5.0	1	20
2042 2149	5.0	1	20
2044 2147	5.0	1	20
2045 2146	5.0	1	20
2046 2145	5.0	1	20
2051 2140	5.0	1	20
2052 2139	5.0	1	20
2277 2367	5.0	1	20
2278 2366	5.0	1	20
2279 2365	5.0	1	20
2280 2364	5.0	1	20
3311 3363	5.0	1	20
3312 3362	5.0	1	20
3313 3361	5.0	1	20
3314 3360	5.0	1	20
3315 3359	5.0	1	20
3316 3358	5.0	1	20
3317 3357	5.0	1	20
3318 3356	5.0	1	20
3319 3355	5.0	1	20
3322 3352	5.0	1	20
3323 3351	5.0	1	20
3324 3350	5.0	1	20
3325 3349	5.0	1	20
3331 3342	5.0	1	20
3332 3341	5.0	1	20
3333 3340	5.0	1	20
3334 3339	5.0	1	20
3938 4024	5.0	1	20
3939 4023	5.0	1	20
3940 4022	5.0	1	20
3941 4021	5.0	1	20
3942 4020	5.0	1	20
3943 4019	5.0	1	20
3944 4018	5.0	1	20
3945 4017	5.0	1	20
3946 4016	5.0	1	20
3947 4015	5.0	1	20
3948 4014	5.0	1	20
3949 4013	5.0	1	20
3952 4008	5.0	1	20
3953 4007	5.0	1	20
3954 4006	5.0	1	20
3955 4005	5.0	1	20
3956 4004	5.0	1	20
3957 4003	5.0	1	20
3958 4002	5.0	1	20
3959 4001	5.0	1	20
3961 3999	5.0	1	20
3962 3998	5.0	1	20
3963 3997	5.0	1	20
3964 3996	5.0	1	20
3965 3995	5.0	1	20
3966 3994	5.0	1	20
4412 4505	5.0	1	20
4413 4504	5.0	1	20
4414 4503	5.0	1	20
4415 4502	5.0	1	20
4416 4501	5.0	1	20
4418 4499	5.0	1	20
4419 4498	5.0	1	20
4420 4497	5.0	1	20
4561 4580	5.0	1	20
4562 4579	5.0	1	20
4591 4663	5.0	1	20
4592 4662	5.0	1	20
4593 4661	5.0	1	20
4594 4660	5.0	1	20
4595 4659	5.0	1	20
4596 4658	5.0	1	20
4599 4648	5.0	1	20
4600 4647	5.0	1	20
4603 4644	5.0	1	20
4604 4643	5.0	1	20
4605 4642	5.0	1	20
4606 4641	5.0	1	20
4607 4640	5.0	1	20
4608 4639	5.0	1	20
4609 4638	5.0	1	20
4610 4637	5.0	1	20
4611 4636	5.0	1	20
4612 4635	5.0	1	20
4613 4634	5.0	1	20
4614 4633	5.0	1	20
4616 4630	5.0	1	20
4617 4629	5.0	1	20
4618 4628	5.0	1	20
4619 4627	5.0	1	20
4620 4626	5.0	1	20
4912 4995	5.0	1	20
4913 4994	5.0	1	20
4914 4993	5.0	1	20
4915 4992	5.0	1	20
4916 4991	5.0	1	20
4917 4990	5.0	1	20
4921 4989	5.0	1	20
4922 4988	5.0	1	20
4923 4987	5.0	1	20
4927 4982	5.0	1	20
4928 4981	5.0	1	20
4929 4980	5.0	1	20
4930 4979	5.0	1	20
4932 4978	5.0	1	20
4933 4977	5.0	1	20
4934 4976	5.0	1	20
4935 4975	5.0	1	20
4937 4974	5.0	1	20
4938 4973	5.0	1	20
4939 4972	5.0	1	20
4941 4970	5.0	1	20
6190 6274	5.0	1	20
6191 6273	5.0	1	20
6192 6272	5.0	1	20
6193 6271	5.0	1	20
6194 6270	5.0	1	20
6195 6269	5.0	1	20
6196 6268	5.0	1	20
6197 6267	5.0	1	20
6208 6266	5.0	1	20
6209 6265	5.0	1	20
6210 6264	5.0	1	20
6211 6263	5.0	1	20
6213 6261	5.0	1	20
6214 6260	5.0	1	20
6215 6259	5.0	1	20
6216 6258	5.0	1	20
6217 6257	5.0	1	20
6220 6254	5.0	1	20
6221 6253	5.0	1	20
6222 6252	5.0	1	20
6223 6251	5.0	1	20
6224 6250	5.0	1	20
6225 6249	5.0	1	20
6226 6248	5.0	1	20
6227 6247	5.0	1	20
6228 6242	5.0	1	20
6229 6241	5.0	1	20
6230 6240	5.0	1	20
6231 6239	5.0	1	20
6232 6238	5.0	1	20
7626 7715	5.0	1	20
7627 7714	5.0	1	20
7629 7712	5.0	1	20
7630 7711	5.0	1	20
7631 7710	5.0	1	20
8648 8721	5.0	1	20
8649 8720	5.0	1	20
8650 8719	5.0	1	20
8651 8718	5.0	1	20
8652 8717	5.0	1	20
8654 8715	5.0	1	20
8655 8714	5.0	1	20
8656 8713	5.0	1	20
8657 8712	5.0	1	20
17 211	5.0	1	20
18 210	5.0	1	20
109 175	5.0	1	20
110 174	5.0	1	20
111 173	5.0	1	20
166 172	5.0	1	20
182 202	5.0	1	20
183 201	5.0	1	20
184 200	5.0	1	20
185 199	5.0	1	20
186 198	5.0	1	20
187 197	5.0	1	20
188 196	5.0	1	20
189 195	5.0	1	20
215 250	5.0	1	20
216 249	5.0	1	20
217 248	5.0	1	20
227 239	5.0	1	20
228 238	5.0	1	20
229 237	5.0	1	20
230 236	5.0	1	20
1190 1295	5.0	1	20
1191 1294	5.0	1	20
1192 1293	5.0	1	20
1193 1292	5.0	1	20
2606 2698	5.0	1	20
2607 2697	5.0	1	20
2608 2696	5.0	1	20
2609 2695	5.0	1	20
2611 2693	5.0	1	20
2612 2692	5.0	1	20
2613 2691	5.0	1	20
2614 2690	5.0	1	20
2802 2883	5.0	1	20
2803 2882	5.0	1	20
2804 2881	5.0	1	20
2805 2880	5.0	1	20
2806 2879	5.0	1	20
2807 2878	5.0	1	20
2808 2877	5.0	1	20
2914 3008	5.0	1	20
2915 3007	5.0	1	20
2916 3006	5.0	1	20
2917 3005	5.0	1	20
2918 3004	5.0	1	20
2919 3003	5.0	1	20
2920 3002	5.0	1	20
2921 3000	5.0	1	20
2922 2999	5.0	1	20
2925 2996	5.0	1	20
2926 2995	5.0	1	20
2927 2994	5.0	1	20
2928 2992	5.0	1	20
2929 2991	5.0	1	20
2934 2980	5.0	1	20
2935 2979	5.0	1	20
2938 2976	5.0	1	20
2939 2975	5.0	1	20
2940 2974	5.0	1	20
2941 2973	5.0	1	20
6031 6122	5.0	1	20
6032 6121	5.0	1	20
6033 6120	5.0	1	20
6034 6119	5.0	1	20
6035 6118	5.0	1	20
6036 6117	5.0	1	20
6037 6116	5.0	1	20
6038 6115	5.0	1	20
6044 6082	5.0	1	20
6046 6081	5.0	1	20
6047 6080	5.0	1	20
6050 6077	5.0	1	20
6051 6076	5.0	1	20
6052 6075	5.0	1	20
6053 6074	5.0	1	20
6058 6068	5.0	1	20
6059 6067	5.0	1	20
6060 6066	5.0	1	20
6061 6065	5.0	1	20
6083 6099	5.0	1	20
6084 6098	5.0	1	20
6085 6097	5.0	1	20
6086 6096	5.0	1	20
6087 6095	5.0	1	20
6101 6114	5.0	1	20
8387 8396	5.0	1	20
8388 8395	5.0	1	20
8389 8394	5.0	1	20
8398 8430	5.0	1	20
8399 8429	5.0	1	20
8400 8428	5.0	1	20
8401 8427	5.0	1	20
8402 8426	5.0	1	20
8404 8424	5.0	1	20
8405 8423	5.0	1	20
8406 8422	5.0	1	20
8408 8421	5.0	1	20
8409 8420	5.0	1	20
8410 8419	5.0	1	20
8456 8476	5.0	1	20
8457 8475	5.0	1	20
8458 8474	5.0	1	20
8459 8473	5.0	1	20
8460 8472	5.0	1	20
8461 8471	5.0	1	20
