20 38	66.7	2	3
21 37	66.7	2	3
22 36	66.7	2	3
23 35	66.7	2	3
24 34	66.7	2	3
25 33	66.7	2	3
26 32	33.3	1	3
27 31	33.3	1	3
94 124	33.3	1	3
95 123	33.3	1	3
96 122	33.3	1	3
97 121	33.3	1	3
98 120	33.3	1	3
103 117	33.3	1	3
104 116	33.3	1	3
105 115	33.3	1	3
106 114	33.3	1	3
479 497	33.3	1	3
480 496	33.3	1	3
485 492	33.3	1	3
500 552	33.3	1	3
501 551	33.3	1	3
502 550	33.3	1	3
503 549	33.3	1	3
505 548	33.3	1	3
506 547	33.3	1	3
507 546	33.3	1	3
508 545	33.3	1	3
509 544	33.3	1	3
510 543	33.3	1	3
512 541	33.3	1	3
513 540	33.3	1	3
514 539	33.3	1	3
515 538	33.3	1	3
516 537	33.3	1	3
517 536	33.3	1	3
518 533	33.3	1	3
519 532	33.3	1	3
1485 1580	33.3	1	3
1486 1579	33.3	1	3
1487 1578	33.3	1	3
1488 1577	33.3	1	3
1490 1575	33.3	1	3
1491 1573	33.3	1	3
1492 1572	33.3	1	3
1494 1569	33.3	1	3
2631 2721	33.3	1	3
2632 2720	33.3	1	3
2633 2719	33.3	1	3
2635 2714	33.3	1	3
2636 2713	33.3	1	3
2637 2712	33.3	1	3
2638 2711	33.3	1	3
2639 2710	33.3	1	3
2666 2708	33.3	1	3
2667 2707	33.3	1	3
2668 2706	33.3	1	3
2669 2705	33.3	1	3
2670 2704	33.3	1	3
2671 2703	33.3	1	3
2672 2702	33.3	1	3
2673 2701	33.3	1	3
2674 2699	33.3	1	3
2675 2698	33.3	1	3
2676 2697	33.3	1	3
2679 2692	33.3	1	3
2680 2691	33.3	1	3
2681 2690	33.3	1	3
2682 2689	33.3	1	3
2683 2688	33.3	1	3
2739 2756	33.3	1	3
2740 2755	33.3	1	3
2741 2754	33.3	1	3
2742 2753	33.3	1	3
2743 2752	33.3	1	3
2744 2751	33.3	1	3
6610 6659	33.3	1	3
6611 6658	33.3	1	3
6612 6657	33.3	1	3
6615 6656	33.3	1	3
6616 6655	33.3	1	3
6617 6654	33.3	1	3
6618 6653	33.3	1	3
6624 6649	33.3	1	3
6629 6644	33.3	1	3
6630 6643	33.3	1	3
6632 6641	33.3	1	3
6633 6640	33.3	1	3
6634 6639	33.3	1	3
6715 6719	33.3	1	3
6831 6940	33.3	1	3
6832 6939	33.3	1	3
7093 7150	33.3	1	3
7094 7149	33.3	1	3
7095 7148	33.3	1	3
7096 7147	33.3	1	3
7097 7146	33.3	1	3
7098 7145	33.3	1	3
7099 7144	33.3	1	3
7100 7143	33.3	1	3
7101 7142	33.3	1	3
7102 7141	33.3	1	3
7103 7140	33.3	1	3
7104 7139	33.3	1	3
7105 7138	33.3	1	3
7106 7135	33.3	1	3
7107 7134	33.3	1	3
7108 7133	33.3	1	3
7109 7132	33.3	1	3
7110 7131	33.3	1	3
7111 7130	33.3	1	3
7112 7128	33.3	1	3
7113 7127	33.3	1	3
7114 7126	33.3	1	3
7219 7306	33.3	1	3
7220 7305	33.3	1	3
7222 7303	33.3	1	3
7223 7276	33.3	1	3
7224 7275	33.3	1	3
7225 7274	33.3	1	3
7313 7328	33.3	1	3
7821 7880	33.3	1	3
7822 7879	33.3	1	3
7823 7878	33.3	1	3
7824 7877	33.3	1	3
7825 7876	33.3	1	3
7826 7875	33.3	1	3
7827 7874	33.3	1	3
7828 7873	33.3	1	3
7829 7872	33.3	1	3
7833 7870	33.3	1	3
7834 7869	33.3	1	3
7835 7868	33.3	1	3
7836 7867	33.3	1	3
7837 7865	33.3	1	3
7838 7864	33.3	1	3
7839 7863	33.3	1	3
7842 7859	33.3	1	3
7843 7858	33.3	1	3
7844 7857	33.3	1	3
7845 7856	33.3	1	3
7846 7855	33.3	1	3
7882 7921	33.3	1	3
7883 7919	33.3	1	3
7884 7918	33.3	1	3
7892 7904	33.3	1	3
7893 7903	33.3	1	3
7894 7902	33.3	1	3
7929 7944	33.3	1	3
7930 7943	33.3	1	3
7931 7942	33.3	1	3
7932 7941	33.3	1	3
7933 7940	33.3	1	3
7934 7939	33.3	1	3
7949 8001	33.3	1	3
7950 8000	33.3	1	3
7951 7999	33.3	1	3
7953 7997	33.3	1	3
7954 7996	33.3	1	3
7955 7995	33.3	1	3
7956 7994	33.3	1	3
7957 7993	33.3	1	3
7959 7992	33.3	1	3
7960 7991	33.3	1	3
7961 7990	33.3	1	3
7962 7989	33.3	1	3
7963 7988	33.3	1	3
7964 7987	33.3	1	3
7965 7986	33.3	1	3
7968 7984	33.3	1	3
7969 7983	33.3	1	3
7971 7981	33.3	1	3
7972 7980	33.3	1	3
7973 7979	33.3	1	3
8592 8700	33.3	1	3
8594 8698	33.3	1	3
8595 8697	33.3	1	3
8596 8696	33.3	1	3
8597 8695	33.3	1	3
8598 8694	33.3	1	3
8599 8693	33.3	1	3
8600 8692	33.3	1	3
8602 8690	33.3	1	3
8603 8689	33.3	1	3
8604 8687	33.3	1	3
8606 8685	33.3	1	3
8921 8931	33.3	1	3
8922 8930	33.3	1	3
8967 8977	33.3	1	3
8968 8976	33.3	1	3
8969 8975	33.3	1	3
8980 9016	33.3	1	3
8981 9015	33.3	1	3
8982 9014	33.3	1	3
8985 9011	33.3	1	3
8986 9010	33.3	1	3
8987 9009	33.3	1	3
8988 9008	33.3	1	3
8989 9007	33.3	1	3
8990 9006	33.3	1	3
8991 9005	33.3	1	3
8992 9004	33.3	1	3
8993 9003	33.3	1	3
8994 9002	33.3	1	3
8995 9001	33.3	1	3
8996 9000	33.3	1	3
9018 9035	33.3	1	3
9019 9034	33.3	1	3
9020 9033	33.3	1	3
9021 9032	33.3	1	3
9022 9031	33.3	1	3
10275 10259	33.3	1	3
11 81	33.3	1	3
12 51	33.3	1	3
13 50	33.3	1	3
14 49	33.3	1	3
15 44	33.3	1	3
16 43	33.3	1	3
17 42	33.3	1	3
18 41	33.3	1	3
98 119	33.3	1	3
99 118	33.3	1	3
100 117	33.3	1	3
101 116	33.3	1	3
102 115	33.3	1	3
103 114	33.3	1	3
104 113	33.3	1	3
105 112	33.3	1	3
106 111	33.3	1	3
128 189	33.3	1	3
129 188	33.3	1	3
130 187	33.3	1	3
131 186	33.3	1	3
132 148	33.3	1	3
133 147	33.3	1	3
134 146	33.3	1	3
135 145	33.3	1	3
136 144	33.3	1	3
137 143	33.3	1	3
138 142	33.3	1	3
150 165	33.3	1	3
151 164	33.3	1	3
152 163	33.3	1	3
153 162	33.3	1	3
154 161	33.3	1	3
155 160	33.3	1	3
168 182	33.3	1	3
169 181	33.3	1	3
170 180	33.3	1	3
171 179	33.3	1	3
172 178	33.3	1	3
173 177	33.3	1	3
1240 1340	33.3	1	3
1241 1339	33.3	1	3
1242 1338	33.3	1	3
1243 1337	33.3	1	3
1244 1336	33.3	1	3
1248 1330	33.3	1	3
1249 1329	33.3	1	3
1250 1328	33.3	1	3
1251 1327	33.3	1	3
1252 1326	33.3	1	3
1254 1325	33.3	1	3
1255 1324	33.3	1	3
1256 1323	33.3	1	3
1257 1322	33.3	1	3
1258 1321	33.3	1	3
1260 1320	33.3	1	3
1261 1319	33.3	1	3
1262 1318	33.3	1	3
1263 1316	33.3	1	3
1264 1315	33.3	1	3
1265 1314	33.3	1	3
1266 1313	33.3	1	3
1268 1312	33.3	1	3
1269 1311	33.3	1	3
1272 1309	33.3	1	3
1273 1308	33.3	1	3
1274 1307	33.3	1	3
1275 1306	33.3	1	3
1276 1305	33.3	1	3
1278 1304	33.3	1	3
1279 1303	33.3	1	3
1280 1302	33.3	1	3
1281 1301	33.3	1	3
1282 1300	33.3	1	3
1283 1295	33.3	1	3
1284 1294	33.3	1	3
1285 1293	33.3	1	3
2151 2190	33.3	1	3
2152 2189	33.3	1	3
2153 2188	33.3	1	3
2154 2187	33.3	1	3
2155 2186	33.3	1	3
2158 2183	33.3	1	3
2159 2182	33.3	1	3
2160 2181	33.3	1	3
2161 2180	33.3	1	3
2835 2867	33.3	1	3
2836 2866	33.3	1	3
2837 2865	33.3	1	3
2839 2863	33.3	1	3
2840 2862	33.3	1	3
2841 2861	33.3	1	3
2842 2860	33.3	1	3
2843 2859	33.3	1	3
2844 2858	33.3	1	3
2845 2857	33.3	1	3
2846 2856	33.3	1	3
2847 2855	33.3	1	3
2848 2854	33.3	1	3
2849 2853	33.3	1	3
2869 2906	33.3	1	3
2870 2905	33.3	1	3
2871 2904	33.3	1	3
2872 2903	33.3	1	3
3582 3606	33.3	1	3
3583 3605	33.3	1	3
3584 3604	33.3	1	3
3585 3603	33.3	1	3
3610 3625	33.3	1	3
3611 3624	33.3	1	3
3612 3623	33.3	1	3
3613 3622	33.3	1	3
3614 3621	33.3	1	3
3636 3671	33.3	1	3
3637 3670	33.3	1	3
3638 3669	33.3	1	3
3639 3668	33.3	1	3
3640 3667	33.3	1	3
3641 3666	33.3	1	3
3642 3665	33.3	1	3
3643 3664	33.3	1	3
3648 3661	33.3	1	3
3649 3660	33.3	1	3
3650 3659	33.3	1	3
3651 3658	33.3	1	3
4587 4686	33.3	1	3
4588 4685	33.3	1	3
4589 4684	33.3	1	3
4590 4683	33.3	1	3
4595 4678	33.3	1	3
4598 4675	33.3	1	3
4599 4674	33.3	1	3
4600 4673	33.3	1	3
4603 4669	33.3	1	3
4605 4667	33.3	1	3
4606 4666	33.3	1	3
6407 6474	33.3	1	3
6408 6473	33.3	1	3
6409 6472	33.3	1	3
6410 6471	33.3	1	3
6411 6470	33.3	1	3
6413 6469	33.3	1	3
6414 6468	33.3	1	3
6415 6467	33.3	1	3
6419 6460	33.3	1	3
6420 6459	33.3	1	3
6422 6457	33.3	1	3
6423 6456	33.3	1	3
6424 6455	33.3	1	3
6425 6454	33.3	1	3
6426 6453	33.3	1	3
6428 6451	33.3	1	3
6429 6450	33.3	1	3
6430 6449	33.3	1	3
6432 6447	33.3	1	3
6433 6446	33.3	1	3
6434 6444	33.3	1	3
6435 6443	33.3	1	3
6436 6442	33.3	1	3
6476 6485	33.3	1	3
6477 6484	33.3	1	3
6478 6483	33.3	1	3
7564 7582	33.3	1	3
7566 7581	33.3	1	3
7567 7580	33.3	1	3
7568 7579	33.3	1	3
7569 7578	33.3	1	3
7570 7577	33.3	1	3
7571 7576	33.3	1	3
7583 7635	33.3	1	3
7584 7634	33.3	1	3
7585 7633	33.3	1	3
7586 7632	33.3	1	3
7587 7631	33.3	1	3
7588 7630	33.3	1	3
7591 7627	33.3	1	3
7592 7626	33.3	1	3
7594 7625	33.3	1	3
7595 7624	33.3	1	3
7596 7623	33.3	1	3
7597 7622	33.3	1	3
7598 7621	33.3	1	3
7599 7620	33.3	1	3
7600 7619	33.3	1	3
7602 7617	33.3	1	3
7603 7616	33.3	1	3
7604 7615	33.3	1	3
7605 7614	33.3	1	3
7606 7613	33.3	1	3
7791 7886	33.3	1	3
8553 8659	33.3	1	3
8554 8658	33.3	1	3
8555 8657	33.3	1	3
8556 8656	33.3	1	3
8562 8655	33.3	1	3
8563 8654	33.3	1	3
8564 8652	33.3	1	3
8565 8651	33.3	1	3
8819 8876	33.3	1	3
8820 8875	33.3	1	3
8823 8873	33.3	1	3
8824 8872	33.3	1	3
8825 8871	33.3	1	3
8826 8870	33.3	1	3
8827 8869	33.3	1	3
8828 8868	33.3	1	3
8829 8867	33.3	1	3
8832 8865	33.3	1	3
8833 8864	33.3	1	3
8834 8863	33.3	1	3
8835 8862	33.3	1	3
8836 8861	33.3	1	3
8837 8860	33.3	1	3
9006 9071	33.3	1	3
9016 9042	33.3	1	3
9017 9041	33.3	1	3
9019 9039	33.3	1	3
9020 9038	33.3	1	3
9021 9037	33.3	1	3
9022 9036	33.3	1	3
9023 9035	33.3	1	3
9024 9034	33.3	1	3
9025 9033	33.3	1	3
9026 9032	33.3	1	3
9027 9031	33.3	1	3
9045 9062	33.3	1	3
9048 9059	33.3	1	3
9049 9058	33.3	1	3
9050 9057	33.3	1	3
9051 9056	33.3	1	3
10147 10161	33.3	1	3
10250 10172	33.3	1	3
10204 10182	33.3	1	3
10203 10183	33.3	1	3
10202 10184	33.3	1	3
10201 10185	33.3	1	3
10200 10186	33.3	1	3
10199 10187	33.3	1	3
10198 10188	33.3	1	3
10197 10189	33.3	1	3
10190 10196	33.3	1	3
10249 10208	33.3	1	3
10248 10209	33.3	1	3
10247 10210	33.3	1	3
10240 10217	33.3	1	3
10239 10218	33.3	1	3
10238 10219	33.3	1	3
10234 10223	33.3	1	3
10233 10224	33.3	1	3
10232 10225	33.3	1	3
10231 10226	33.3	1	3
10293 10251	33.3	1	3
10292 10252	33.3	1	3
10291 10253	33.3	1	3
10290 10254	33.3	1	3
10289 10255	33.3	1	3
10288 10256	33.3	1	3
10287 10257	33.3	1	3
10281 10261	33.3	1	3
10280 10262	33.3	1	3
10279 10263	33.3	1	3
10278 10264	33.3	1	3
10277 10265	33.3	1	3
10276 10266	33.3	1	3
10275 10268	33.3	1	3
161 202	33.3	1	3
162 201	33.3	1	3
163 200	33.3	1	3
164 199	33.3	1	3
165 194	33.3	1	3
166 193	33.3	1	3
167 192	33.3	1	3
168 191	33.3	1	3
170 188	33.3	1	3
171 187	33.3	1	3
172 186	33.3	1	3
173 185	33.3	1	3
174 184	33.3	1	3
175 183	33.3	1	3
176 182	33.3	1	3
177 181	33.3	1	3
219 241	33.3	1	3
220 240	33.3	1	3
221 239	33.3	1	3
222 238	33.3	1	3
223 237	33.3	1	3
224 236	33.3	1	3
225 235	33.3	1	3
226 234	33.3	1	3
227 233	33.3	1	3
256 363	33.3	1	3
258 361	33.3	1	3
280 360	33.3	1	3
281 359	33.3	1	3
282 358	33.3	1	3
283 357	33.3	1	3
284 356	33.3	1	3
292 351	33.3	1	3
293 350	33.3	1	3
294 348	33.3	1	3
296 346	33.3	1	3
297 345	33.3	1	3
298 344	33.3	1	3
299 343	33.3	1	3
300 342	33.3	1	3
301 341	33.3	1	3
303 339	33.3	1	3
304 338	33.3	1	3
305 337	33.3	1	3
306 336	33.3	1	3
307 335	33.3	1	3
308 334	33.3	1	3
309 333	33.3	1	3
310 332	33.3	1	3
314 331	33.3	1	3
315 330	33.3	1	3
316 329	33.3	1	3
317 328	33.3	1	3
318 327	33.3	1	3
319 326	33.3	1	3
1332 1419	33.3	1	3
1333 1418	33.3	1	3
1337 1414	33.3	1	3
1338 1412	33.3	1	3
1339 1411	33.3	1	3
1340 1410	33.3	1	3
1341 1409	33.3	1	3
1342 1408	33.3	1	3
1343 1407	33.3	1	3
2409 2461	33.3	1	3
2410 2460	33.3	1	3
2499 2587	33.3	1	3
2500 2586	33.3	1	3
2501 2585	33.3	1	3
2502 2584	33.3	1	3
2503 2583	33.3	1	3
2504 2582	33.3	1	3
2505 2581	33.3	1	3
2506 2580	33.3	1	3
2507 2578	33.3	1	3
2508 2575	33.3	1	3
2509 2574	33.3	1	3
2510 2573	33.3	1	3
2511 2572	33.3	1	3
2514 2569	33.3	1	3
2515 2568	33.3	1	3
2516 2567	33.3	1	3
2517 2566	33.3	1	3
2518 2565	33.3	1	3
2519 2564	33.3	1	3
2520 2563	33.3	1	3
2521 2562	33.3	1	3
2522 2561	33.3	1	3
2525 2560	33.3	1	3
2526 2559	33.3	1	3
2527 2558	33.3	1	3
2528 2557	33.3	1	3
2529 2556	33.3	1	3
2530 2555	33.3	1	3
2531 2554	33.3	1	3
2532 2553	33.3	1	3
2534 2551	33.3	1	3
2538 2547	33.3	1	3
2539 2546	33.3	1	3
3043 3054	33.3	1	3
3465 3576	33.3	1	3
3466 3575	33.3	1	3
3467 3574	33.3	1	3
3468 3570	33.3	1	3
3469 3569	33.3	1	3
3470 3568	33.3	1	3
3472 3566	33.3	1	3
3473 3564	33.3	1	3
4562 4631	33.3	1	3
4563 4630	33.3	1	3
4564 4629	33.3	1	3
4565 4628	33.3	1	3
4566 4627	33.3	1	3
4567 4626	33.3	1	3
4573 4621	33.3	1	3
4574 4620	33.3	1	3
4575 4619	33.3	1	3
4576 4618	33.3	1	3
4580 4614	33.3	1	3
4581 4613	33.3	1	3
4582 4612	33.3	1	3
4583 4611	33.3	1	3
4585 4610	33.3	1	3
4586 4609	33.3	1	3
4587 4608	33.3	1	3
6783 6892	33.3	1	3
6784 6891	33.3	1	3
6788 6887	33.3	1	3
7488 7574	33.3	1	3
7489 7573	33.3	1	3
7498 7555	33.3	1	3
7499 7554	33.3	1	3
7500 7553	33.3	1	3
7501 7552	33.3	1	3
7502 7551	33.3	1	3
7503 7550	33.3	1	3
7504 7547	33.3	1	3
7505 7546	33.3	1	3
8273 8345	33.3	1	3
8274 8344	33.3	1	3
8275 8343	33.3	1	3
8276 8342	33.3	1	3
8278 8340	33.3	1	3
8279 8339	33.3	1	3
8280 8338	33.3	1	3
8283 8334	33.3	1	3
9104 9188	33.3	1	3
9105 9187	33.3	1	3
9106 9186	33.3	1	3
9107 9184	33.3	1	3
9108 9183	33.3	1	3
9109 9182	33.3	1	3
9598 9699	33.3	1	3
9599 9698	33.3	1	3
9601 9695	33.3	1	3
9602 9694	33.3	1	3
9953 10034	33.3	1	3
9954 10033	33.3	1	3
9955 10032	33.3	1	3
