20 38	66.7	2	3
21 37	66.7	2	3
22 36	66.7	2	3
23 35	66.7	2	3
24 34	66.7	2	3
25 33	66.7	2	3
26 32	33.3	1	3
27 31	33.3	1	3
94 124	33.3	1	3
95 123	33.3	1	3
96 122	33.3	1	3
97 121	33.3	1	3
98 120	33.3	1	3
103 117	33.3	1	3
104 116	33.3	1	3
105 115	33.3	1	3
106 114	33.3	1	3
128 145	33.3	1	3
129 144	33.3	1	3
130 143	33.3	1	3
131 142	33.3	1	3
132 141	33.3	1	3
133 140	33.3	1	3
134 139	33.3	1	3
349 434	33.3	1	3
351 432	33.3	1	3
352 430	33.3	1	3
353 429	33.3	1	3
354 428	33.3	1	3
355 427	33.3	1	3
356 426	33.3	1	3
357 425	33.3	1	3
359 423	33.3	1	3
360 422	33.3	1	3
361 421	33.3	1	3
362 420	33.3	1	3
363 419	33.3	1	3
364 417	33.3	1	3
365 416	33.3	1	3
368 412	33.3	1	3
369 411	33.3	1	3
370 410	33.3	1	3
371 409	33.3	1	3
372 408	33.3	1	3
373 407	33.3	1	3
479 497	33.3	1	3
480 496	33.3	1	3
485 492	33.3	1	3
500 552	33.3	1	3
501 551	33.3	1	3
502 550	33.3	1	3
503 549	33.3	1	3
505 548	33.3	1	3
506 547	33.3	1	3
507 546	33.3	1	3
508 545	33.3	1	3
509 544	33.3	1	3
510 543	33.3	1	3
512 541	33.3	1	3
513 540	33.3	1	3
514 539	33.3	1	3
515 538	33.3	1	3
516 537	33.3	1	3
517 536	33.3	1	3
518 533	33.3	1	3
519 532	33.3	1	3
520 531	33.3	1	3
521 530	33.3	1	3
522 529	33.3	1	3
805 814	33.3	1	3
806 813	33.3	1	3
807 812	33.3	1	3
817 883	33.3	1	3
818 882	33.3	1	3
819 881	33.3	1	3
820 880	33.3	1	3
821 879	33.3	1	3
823 878	33.3	1	3
824 877	33.3	1	3
825 876	33.3	1	3
827 875	33.3	1	3
828 874	33.3	1	3
830 872	33.3	1	3
831 871	33.3	1	3
832 870	33.3	1	3
834 869	33.3	1	3
835 868	33.3	1	3
838 864	33.3	1	3
839 863	33.3	1	3
840 862	33.3	1	3
841 860	33.3	1	3
842 859	33.3	1	3
843 858	33.3	1	3
844 857	33.3	1	3
845 856	33.3	1	3
846 854	33.3	1	3
847 853	33.3	1	3
848 852	33.3	1	3
886 895	33.3	1	3
907 924	33.3	1	3
952 1010	33.3	1	3
953 1009	33.3	1	3
954 1008	33.3	1	3
958 1004	33.3	1	3
960 1003	33.3	1	3
961 1002	33.3	1	3
962 1001	33.3	1	3
969 994	33.3	1	3
970 993	33.3	1	3
971 992	33.3	1	3
972 991	33.3	1	3
973 990	33.3	1	3
974 989	33.3	1	3
975 988	33.3	1	3
976 987	33.3	1	3
977 986	33.3	1	3
1248 1320	33.3	1	3
1249 1319	33.3	1	3
1485 1580	33.3	1	3
1486 1579	33.3	1	3
1487 1578	33.3	1	3
1488 1577	33.3	1	3
1490 1575	33.3	1	3
1491 1573	33.3	1	3
1492 1572	33.3	1	3
1494 1569	33.3	1	3
1495 1568	33.3	1	3
1496 1567	33.3	1	3
1497 1566	33.3	1	3
1498 1565	33.3	1	3
1499 1564	33.3	1	3
1500 1563	33.3	1	3
1501 1562	33.3	1	3
1503 1559	33.3	1	3
1504 1558	33.3	1	3
1505 1557	33.3	1	3
1512 1553	33.3	1	3
1513 1552	33.3	1	3
1514 1551	33.3	1	3
1515 1550	33.3	1	3
1520 1545	33.3	1	3
1521 1544	33.3	1	3
1522 1543	33.3	1	3
1526 1542	33.3	1	3
1527 1541	33.3	1	3
1528 1539	33.3	1	3
1529 1538	33.3	1	3
1530 1537	33.3	1	3
1531 1536	33.3	1	3
1784 1865	33.3	1	3
1785 1864	33.3	1	3
1786 1863	33.3	1	3
1787 1862	33.3	1	3
1788 1861	33.3	1	3
1789 1851	33.3	1	3
1790 1850	33.3	1	3
1791 1849	33.3	1	3
1792 1848	33.3	1	3
1967 2051	33.3	1	3
1968 2050	33.3	1	3
1969 2049	33.3	1	3
1970 2048	33.3	1	3
1971 2047	33.3	1	3
1977 2033	33.3	1	3
1978 2032	33.3	1	3
1979 2031	33.3	1	3
1980 2030	33.3	1	3
1981 2028	33.3	1	3
1982 2027	33.3	1	3
1983 2026	33.3	1	3
1984 2025	33.3	1	3
1985 2023	33.3	1	3
1986 2022	33.3	1	3
1987 2021	33.3	1	3
1988 2020	33.3	1	3
1989 2019	33.3	1	3
1990 2018	33.3	1	3
1991 2017	33.3	1	3
1992 2016	33.3	1	3
1996 2013	33.3	1	3
1997 2012	33.3	1	3
2000 2009	33.3	1	3
2001 2008	33.3	1	3
2002 2007	33.3	1	3
2631 2721	33.3	1	3
2632 2720	33.3	1	3
2633 2719	33.3	1	3
2635 2714	33.3	1	3
2636 2713	33.3	1	3
2637 2712	33.3	1	3
2638 2711	33.3	1	3
2639 2710	33.3	1	3
2666 2708	33.3	1	3
2667 2707	33.3	1	3
2668 2706	33.3	1	3
2669 2705	33.3	1	3
2670 2704	33.3	1	3
2671 2703	33.3	1	3
2672 2702	33.3	1	3
2673 2701	33.3	1	3
2674 2699	33.3	1	3
2675 2698	33.3	1	3
2676 2697	33.3	1	3
2679 2692	33.3	1	3
2680 2691	33.3	1	3
2681 2690	33.3	1	3
2682 2689	33.3	1	3
2683 2688	33.3	1	3
2723 2738	33.3	1	3
2724 2737	33.3	1	3
2725 2736	33.3	1	3
2726 2735	33.3	1	3
2727 2734	33.3	1	3
2728 2733	33.3	1	3
2739 2756	33.3	1	3
2740 2755	33.3	1	3
2741 2754	33.3	1	3
2742 2753	33.3	1	3
2743 2752	33.3	1	3
2744 2751	33.3	1	3
2767 2804	33.3	1	3
2768 2803	33.3	1	3
2769 2802	33.3	1	3
2770 2801	33.3	1	3
2786 2795	33.3	1	3
2787 2794	33.3	1	3
2788 2793	33.3	1	3
2808 2832	33.3	1	3
2809 2831	33.3	1	3
2810 2830	33.3	1	3
2811 2829	33.3	1	3
2812 2828	33.3	1	3
2813 2827	33.3	1	3
2814 2826	33.3	1	3
2815 2825	33.3	1	3
2816 2824	33.3	1	3
2925 2978	33.3	1	3
2926 2977	33.3	1	3
2984 3040	33.3	1	3
3165 3201	33.3	1	3
3166 3200	33.3	1	3
3167 3199	33.3	1	3
3168 3198	33.3	1	3
3169 3197	33.3	1	3
3170 3196	33.3	1	3
3172 3193	33.3	1	3
3173 3192	33.3	1	3
3217 3308	33.3	1	3
3218 3307	33.3	1	3
3219 3306	33.3	1	3
3220 3305	33.3	1	3
3230 3297	33.3	1	3
3231 3296	33.3	1	3
3233 3291	33.3	1	3
3234 3290	33.3	1	3
3235 3289	33.3	1	3
3236 3288	33.3	1	3
3272 3286	33.3	1	3
3273 3285	33.3	1	3
3274 3284	33.3	1	3
3276 3282	33.3	1	3
3277 3281	33.3	1	3
3473 3497	33.3	1	3
3474 3496	33.3	1	3
3475 3495	33.3	1	3
3476 3494	33.3	1	3
3477 3493	33.3	1	3
3478 3492	33.3	1	3
3540 3563	33.3	1	3
3541 3562	33.3	1	3
3542 3561	33.3	1	3
3543 3560	33.3	1	3
3544 3559	33.3	1	3
3545 3558	33.3	1	3
3548 3557	33.3	1	3
3549 3556	33.3	1	3
3550 3555	33.3	1	3
3696 3726	33.3	1	3
3698 3724	33.3	1	3
4754 4854	33.3	1	3
4946 5035	33.3	1	3
4947 5034	33.3	1	3
4948 5033	33.3	1	3
4949 5032	33.3	1	3
4950 5031	33.3	1	3
4951 5030	33.3	1	3
4952 5029	33.3	1	3
4985 5028	33.3	1	3
4986 5027	33.3	1	3
4987 5026	33.3	1	3
4990 5024	33.3	1	3
4991 5023	33.3	1	3
4993 5021	33.3	1	3
4994 5020	33.3	1	3
4995 5019	33.3	1	3
4996 5018	33.3	1	3
4997 5017	33.3	1	3
4999 5016	33.3	1	3
5002 5013	33.3	1	3
5003 5012	33.3	1	3
5337 5368	33.3	1	3
5338 5367	33.3	1	3
5339 5366	33.3	1	3
5340 5365	33.3	1	3
5341 5364	33.3	1	3
5342 5363	33.3	1	3
5343 5362	33.3	1	3
5344 5361	33.3	1	3
5372 5398	33.3	1	3
5373 5397	33.3	1	3
5374 5396	33.3	1	3
5375 5395	33.3	1	3
5377 5391	33.3	1	3
5378 5390	33.3	1	3
5379 5389	33.3	1	3
5380 5388	33.3	1	3
5381 5387	33.3	1	3
5382 5386	33.3	1	3
5400 5441	33.3	1	3
5401 5440	33.3	1	3
5402 5439	33.3	1	3
5403 5438	33.3	1	3
5404 5437	33.3	1	3
5405 5436	33.3	1	3
5406 5435	33.3	1	3
5407 5434	33.3	1	3
5410 5431	33.3	1	3
5411 5430	33.3	1	3
5412 5429	33.3	1	3
5414 5427	33.3	1	3
5415 5426	33.3	1	3
5416 5425	33.3	1	3
5417 5424	33.3	1	3
5418 5423	33.3	1	3
5532 5629	33.3	1	3
5533 5628	33.3	1	3
5534 5627	33.3	1	3
5535 5626	33.3	1	3
5536 5625	33.3	1	3
5537 5624	33.3	1	3
5538 5623	33.3	1	3
5539 5622	33.3	1	3
5540 5621	33.3	1	3
5542 5619	33.3	1	3
6000 6063	33.3	1	3
6001 6062	33.3	1	3
6002 6061	33.3	1	3
6003 6060	33.3	1	3
6004 6059	33.3	1	3
6005 6058	33.3	1	3
6006 6057	33.3	1	3
6007 6056	33.3	1	3
6010 6051	33.3	1	3
6011 6050	33.3	1	3
6012 6049	33.3	1	3
6013 6047	33.3	1	3
6014 6046	33.3	1	3
6019 6039	33.3	1	3
6020 6038	33.3	1	3
6021 6037	33.3	1	3
6022 6036	33.3	1	3
6023 6035	33.3	1	3
6024 6034	33.3	1	3
6532 6577	33.3	1	3
6533 6576	33.3	1	3
6534 6575	33.3	1	3
6535 6574	33.3	1	3
6536 6573	33.3	1	3
6538 6571	33.3	1	3
6539 6570	33.3	1	3
6540 6569	33.3	1	3
6541 6568	33.3	1	3
6542 6567	33.3	1	3
6547 6562	33.3	1	3
6548 6561	33.3	1	3
6549 6560	33.3	1	3
6550 6559	33.3	1	3
6551 6558	33.3	1	3
6552 6557	33.3	1	3
6610 6659	33.3	1	3
6611 6658	33.3	1	3
6612 6657	33.3	1	3
6615 6656	33.3	1	3
6616 6655	33.3	1	3
6617 6654	33.3	1	3
6618 6653	33.3	1	3
6624 6649	33.3	1	3
6629 6644	33.3	1	3
6630 6643	33.3	1	3
6632 6641	33.3	1	3
6633 6640	33.3	1	3
6634 6639	33.3	1	3
6660 6690	33.3	1	3
6661 6689	33.3	1	3
6662 6688	33.3	1	3
6663 6687	33.3	1	3
6664 6686	33.3	1	3
6666 6684	33.3	1	3
6667 6683	33.3	1	3
6668 6682	33.3	1	3
6669 6681	33.3	1	3
6670 6680	33.3	1	3
6671 6679	33.3	1	3
6672 6678	33.3	1	3
6715 6719	33.3	1	3
6720 6736	33.3	1	3
6721 6735	33.3	1	3
6722 6734	33.3	1	3
6723 6733	33.3	1	3
6724 6732	33.3	1	3
6725 6731	33.3	1	3
6726 6730	33.3	1	3
6738 6754	33.3	1	3
6739 6753	33.3	1	3
6740 6752	33.3	1	3
6741 6751	33.3	1	3
6742 6750	33.3	1	3
6831 6940	33.3	1	3
6832 6939	33.3	1	3
6833 6938	33.3	1	3
6834 6937	33.3	1	3
6837 6934	33.3	1	3
6838 6933	33.3	1	3
6839 6932	33.3	1	3
6840 6931	33.3	1	3
6844 6930	33.3	1	3
6845 6929	33.3	1	3
6846 6928	33.3	1	3
6847 6927	33.3	1	3
6848 6926	33.3	1	3
6851 6923	33.3	1	3
6852 6921	33.3	1	3
6853 6920	33.3	1	3
6855 6919	33.3	1	3
6856 6918	33.3	1	3
6857 6917	33.3	1	3
6858 6916	33.3	1	3
6862 6913	33.3	1	3
6863 6912	33.3	1	3
6865 6911	33.3	1	3
6866 6910	33.3	1	3
6867 6909	33.3	1	3
6868 6908	33.3	1	3
6871 6906	33.3	1	3
6872 6905	33.3	1	3
6873 6904	33.3	1	3
6874 6903	33.3	1	3
6875 6902	33.3	1	3
6877 6901	33.3	1	3
6878 6900	33.3	1	3
6879 6899	33.3	1	3
6880 6898	33.3	1	3
6882 6897	33.3	1	3
6883 6896	33.3	1	3
6884 6895	33.3	1	3
6886 6892	33.3	1	3
6887 6891	33.3	1	3
7038 7070	33.3	1	3
7039 7069	33.3	1	3
7041 7067	33.3	1	3
7042 7066	33.3	1	3
7043 7065	33.3	1	3
7044 7064	33.3	1	3
7045 7063	33.3	1	3
7046 7062	33.3	1	3
7047 7061	33.3	1	3
7048 7060	33.3	1	3
7050 7058	33.3	1	3
7051 7057	33.3	1	3
7079 7091	33.3	1	3
7080 7090	33.3	1	3
7093 7150	33.3	1	3
7094 7149	33.3	1	3
7095 7148	33.3	1	3
7096 7147	33.3	1	3
7097 7146	33.3	1	3
7098 7145	33.3	1	3
7099 7144	33.3	1	3
7100 7143	33.3	1	3
7101 7142	33.3	1	3
7102 7141	33.3	1	3
7103 7140	33.3	1	3
7104 7139	33.3	1	3
7105 7138	33.3	1	3
7106 7135	33.3	1	3
7107 7134	33.3	1	3
7108 7133	33.3	1	3
7109 7132	33.3	1	3
7110 7131	33.3	1	3
7111 7130	33.3	1	3
7112 7128	33.3	1	3
7113 7127	33.3	1	3
7114 7126	33.3	1	3
7154 7176	33.3	1	3
7155 7175	33.3	1	3
7158 7173	33.3	1	3
7159 7172	33.3	1	3
7160 7171	33.3	1	3
7161 7170	33.3	1	3
7162 7169	33.3	1	3
7188 7211	33.3	1	3
7189 7210	33.3	1	3
7191 7204	33.3	1	3
7192 7203	33.3	1	3
7193 7202	33.3	1	3
7194 7201	33.3	1	3
7195 7200	33.3	1	3
7219 7306	33.3	1	3
7220 7305	33.3	1	3
7222 7303	33.3	1	3
7223 7276	33.3	1	3
7224 7275	33.3	1	3
7225 7274	33.3	1	3
7226 7273	33.3	1	3
7227 7272	33.3	1	3
7228 7271	33.3	1	3
7232 7267	33.3	1	3
7233 7266	33.3	1	3
7234 7265	33.3	1	3
7235 7262	33.3	1	3
7236 7261	33.3	1	3
7237 7260	33.3	1	3
7238 7259	33.3	1	3
7239 7258	33.3	1	3
7240 7257	33.3	1	3
7241 7256	33.3	1	3
7243 7254	33.3	1	3
7244 7253	33.3	1	3
7313 7328	33.3	1	3
7425 7445	33.3	1	3
7426 7444	33.3	1	3
7427 7443	33.3	1	3
7428 7442	33.3	1	3
7429 7440	33.3	1	3
7430 7439	33.3	1	3
7431 7438	33.3	1	3
7477 7523	33.3	1	3
7478 7522	33.3	1	3
7785 7800	33.3	1	3
7786 7799	33.3	1	3
7789 7796	33.3	1	3
7803 7820	33.3	1	3
7804 7819	33.3	1	3
7805 7818	33.3	1	3
7806 7817	33.3	1	3
7807 7816	33.3	1	3
7808 7815	33.3	1	3
7809 7814	33.3	1	3
7821 7880	33.3	1	3
7822 7879	33.3	1	3
7823 7878	33.3	1	3
7824 7877	33.3	1	3
7825 7876	33.3	1	3
7826 7875	33.3	1	3
7827 7874	33.3	1	3
7828 7873	33.3	1	3
7829 7872	33.3	1	3
7833 7870	33.3	1	3
7834 7869	33.3	1	3
7835 7868	33.3	1	3
7836 7867	33.3	1	3
7837 7865	33.3	1	3
7838 7864	33.3	1	3
7839 7863	33.3	1	3
7842 7859	33.3	1	3
7843 7858	33.3	1	3
7844 7857	33.3	1	3
7845 7856	33.3	1	3
7846 7855	33.3	1	3
7882 7921	33.3	1	3
7883 7919	33.3	1	3
7884 7918	33.3	1	3
7892 7904	33.3	1	3
7893 7903	33.3	1	3
7894 7902	33.3	1	3
7929 7944	33.3	1	3
7930 7943	33.3	1	3
7931 7942	33.3	1	3
7932 7941	33.3	1	3
7933 7940	33.3	1	3
7934 7939	33.3	1	3
7949 8001	33.3	1	3
7950 8000	33.3	1	3
7951 7999	33.3	1	3
7953 7997	33.3	1	3
7954 7996	33.3	1	3
7955 7995	33.3	1	3
7956 7994	33.3	1	3
7957 7993	33.3	1	3
7959 7992	33.3	1	3
7960 7991	33.3	1	3
7961 7990	33.3	1	3
7962 7989	33.3	1	3
7963 7988	33.3	1	3
7964 7987	33.3	1	3
7965 7986	33.3	1	3
7968 7984	33.3	1	3
7969 7983	33.3	1	3
7971 7981	33.3	1	3
7972 7980	33.3	1	3
7973 7979	33.3	1	3
8015 8025	33.3	1	3
8016 8024	33.3	1	3
8017 8023	33.3	1	3
8018 8022	33.3	1	3
8592 8700	33.3	1	3
8594 8698	33.3	1	3
8595 8697	33.3	1	3
8596 8696	33.3	1	3
8597 8695	33.3	1	3
8598 8694	33.3	1	3
8599 8693	33.3	1	3
8600 8692	33.3	1	3
8602 8690	33.3	1	3
8603 8689	33.3	1	3
8604 8687	33.3	1	3
8606 8685	33.3	1	3
8921 8931	33.3	1	3
8922 8930	33.3	1	3
8934 8960	33.3	1	3
8935 8959	33.3	1	3
8936 8958	33.3	1	3
8937 8957	33.3	1	3
8938 8956	33.3	1	3
8967 8977	33.3	1	3
8968 8976	33.3	1	3
8969 8975	33.3	1	3
8980 9016	33.3	1	3
8981 9015	33.3	1	3
8982 9014	33.3	1	3
8985 9011	33.3	1	3
8986 9010	33.3	1	3
8987 9009	33.3	1	3
8988 9008	33.3	1	3
8989 9007	33.3	1	3
8990 9006	33.3	1	3
8991 9005	33.3	1	3
8992 9004	33.3	1	3
8993 9003	33.3	1	3
8994 9002	33.3	1	3
8995 9001	33.3	1	3
8996 9000	33.3	1	3
9018 9035	33.3	1	3
9019 9034	33.3	1	3
9020 9033	33.3	1	3
9021 9032	33.3	1	3
9022 9031	33.3	1	3
9060 9072	33.3	1	3
9061 9071	33.3	1	3
9062 9070	33.3	1	3
9063 9069	33.3	1	3
9064 9068	33.3	1	3
9077 9092	33.3	1	3
9379 9470	33.3	1	3
9380 9469	33.3	1	3
9381 9468	33.3	1	3
9382 9466	33.3	1	3
9383 9465	33.3	1	3
9384 9464	33.3	1	3
9385 9463	33.3	1	3
9386 9462	33.3	1	3
9387 9461	33.3	1	3
9388 9460	33.3	1	3
9390 9459	33.3	1	3
9391 9458	33.3	1	3
9392 9457	33.3	1	3
9396 9451	33.3	1	3
9397 9450	33.3	1	3
9398 9449	33.3	1	3
9400 9447	33.3	1	3
9401 9446	33.3	1	3
9402 9445	33.3	1	3
10080 10114	33.3	1	3
10081 10113	33.3	1	3
10082 10112	33.3	1	3
10083 10111	33.3	1	3
10084 10110	33.3	1	3
10085 10109	33.3	1	3
10086 10108	33.3	1	3
10087 10107	33.3	1	3
10089 10105	33.3	1	3
10090 10104	33.3	1	3
10091 10102	33.3	1	3
10092 10101	33.3	1	3
10128 10139	33.3	1	3
10129 10138	33.3	1	3
10130 10137	33.3	1	3
10167 10141	33.3	1	3
10166 10142	33.3	1	3
10143 10165	33.3	1	3
10144 10164	33.3	1	3
10145 10163	33.3	1	3
10149 10159	66.7	2	3
10150 10158	66.7	2	3
10151 10157	66.7	2	3
10193 10168	33.3	1	3
10192 10169	33.3	1	3
10191 10170	33.3	1	3
10190 10171	33.3	1	3
10188 10173	33.3	1	3
10187 10174	33.3	1	3
10186 10175	33.3	1	3
10185 10176	33.3	1	3
10254 10214	33.3	1	3
10253 10215	33.3	1	3
10252 10216	33.3	1	3
10251 10218	33.3	1	3
10250 10219	33.3	1	3
10249 10221	33.3	1	3
10247 10223	33.3	1	3
10246 10226	33.3	1	3
10245 10227	33.3	1	3
10244 10228	33.3	1	3
10243 10229	33.3	1	3
10238 10230	33.3	1	3
10237 10231	33.3	1	3
10236 10232	33.3	1	3
10284 10248	33.3	1	3
10275 10259	33.3	1	3
10274 10260	33.3	1	3
10273 10261	33.3	1	3
10272 10262	33.3	1	3
10271 10263	33.3	1	3
10270 10264	33.3	1	3
10269 10265	33.3	1	3
11 81	33.3	1	3
12 51	33.3	1	3
13 50	33.3	1	3
14 49	33.3	1	3
15 44	33.3	1	3
16 43	33.3	1	3
17 42	33.3	1	3
18 41	33.3	1	3
98 119	33.3	1	3
99 118	33.3	1	3
100 117	33.3	1	3
101 116	33.3	1	3
102 115	33.3	1	3
103 114	33.3	1	3
104 113	33.3	1	3
105 112	33.3	1	3
106 111	33.3	1	3
128 189	33.3	1	3
129 188	33.3	1	3
130 187	33.3	1	3
131 186	33.3	1	3
132 148	33.3	1	3
133 147	33.3	1	3
134 146	33.3	1	3
135 145	33.3	1	3
136 144	33.3	1	3
137 143	33.3	1	3
138 142	33.3	1	3
150 165	33.3	1	3
151 164	33.3	1	3
152 163	33.3	1	3
153 162	33.3	1	3
154 161	33.3	1	3
155 160	33.3	1	3
168 182	33.3	1	3
169 181	33.3	1	3
170 180	33.3	1	3
171 179	33.3	1	3
172 178	33.3	1	3
173 177	33.3	1	3
194 210	33.3	1	3
195 209	33.3	1	3
196 208	33.3	1	3
198 207	33.3	1	3
199 206	33.3	1	3
200 205	33.3	1	3
326 358	33.3	1	3
609 714	33.3	1	3
1055 1063	33.3	1	3
1056 1062	33.3	1	3
1057 1061	33.3	1	3
1240 1340	33.3	1	3
1241 1339	33.3	1	3
1242 1338	33.3	1	3
1243 1337	33.3	1	3
1244 1336	33.3	1	3
1248 1330	33.3	1	3
1249 1329	33.3	1	3
1250 1328	33.3	1	3
1251 1327	33.3	1	3
1252 1326	33.3	1	3
1254 1325	33.3	1	3
1255 1324	33.3	1	3
1256 1323	33.3	1	3
1257 1322	33.3	1	3
1258 1321	33.3	1	3
1260 1320	33.3	1	3
1261 1319	33.3	1	3
1262 1318	33.3	1	3
1263 1316	33.3	1	3
1264 1315	33.3	1	3
1265 1314	33.3	1	3
1266 1313	33.3	1	3
1268 1312	33.3	1	3
1269 1311	33.3	1	3
1272 1309	33.3	1	3
1273 1308	33.3	1	3
1274 1307	33.3	1	3
1275 1306	33.3	1	3
1276 1305	33.3	1	3
1278 1304	33.3	1	3
1279 1303	33.3	1	3
1280 1302	33.3	1	3
1281 1301	33.3	1	3
1282 1300	33.3	1	3
1283 1295	33.3	1	3
1284 1294	33.3	1	3
1285 1293	33.3	1	3
1510 1570	33.3	1	3
1511 1569	33.3	1	3
2118 2150	33.3	1	3
2119 2149	33.3	1	3
2120 2148	33.3	1	3
2121 2147	33.3	1	3
2122 2146	33.3	1	3
2123 2145	33.3	1	3
2125 2143	33.3	1	3
2126 2142	33.3	1	3
2128 2140	33.3	1	3
2129 2139	33.3	1	3
2130 2138	33.3	1	3
2151 2190	33.3	1	3
2152 2189	33.3	1	3
2153 2188	33.3	1	3
2154 2187	33.3	1	3
2155 2186	33.3	1	3
2158 2183	33.3	1	3
2159 2182	33.3	1	3
2160 2181	33.3	1	3
2161 2180	33.3	1	3
2162 2177	33.3	1	3
2163 2176	33.3	1	3
2164 2175	33.3	1	3
2165 2174	33.3	1	3
2166 2173	33.3	1	3
2167 2172	33.3	1	3
2202 2232	33.3	1	3
2203 2231	33.3	1	3
2208 2226	33.3	1	3
2209 2225	33.3	1	3
2210 2224	33.3	1	3
2213 2221	33.3	1	3
2214 2220	33.3	1	3
2215 2219	33.3	1	3
2277 2363	33.3	1	3
2278 2362	33.3	1	3
2279 2361	33.3	1	3
2281 2360	33.3	1	3
2282 2359	33.3	1	3
2283 2358	33.3	1	3
2284 2357	33.3	1	3
2285 2356	33.3	1	3
2286 2355	33.3	1	3
2287 2354	33.3	1	3
2288 2353	33.3	1	3
2289 2352	33.3	1	3
2290 2351	33.3	1	3
2609 2647	33.3	1	3
2610 2646	33.3	1	3
2612 2644	33.3	1	3
2613 2643	33.3	1	3
2614 2642	33.3	1	3
2615 2641	33.3	1	3
2616 2640	33.3	1	3
2617 2639	33.3	1	3
2620 2636	33.3	1	3
2621 2635	33.3	1	3
2622 2634	33.3	1	3
2623 2633	33.3	1	3
2624 2632	33.3	1	3
2625 2631	33.3	1	3
2801 2813	33.3	1	3
2819 2834	33.3	1	3
2820 2833	33.3	1	3
2821 2832	33.3	1	3
2822 2831	33.3	1	3
2835 2867	33.3	1	3
2836 2866	33.3	1	3
2837 2865	33.3	1	3
2839 2863	33.3	1	3
2840 2862	33.3	1	3
2841 2861	33.3	1	3
2842 2860	33.3	1	3
2843 2859	33.3	1	3
2844 2858	33.3	1	3
2845 2857	33.3	1	3
2846 2856	33.3	1	3
2847 2855	33.3	1	3
2848 2854	33.3	1	3
2849 2853	33.3	1	3
2869 2906	33.3	1	3
2870 2905	33.3	1	3
2871 2904	33.3	1	3
2872 2903	33.3	1	3
2874 2900	33.3	1	3
2875 2899	33.3	1	3
2876 2898	33.3	1	3
2877 2897	33.3	1	3
2878 2896	33.3	1	3
2879 2895	33.3	1	3
2880 2894	33.3	1	3
2881 2893	33.3	1	3
2882 2892	33.3	1	3
3000 3038	33.3	1	3
3002 3036	33.3	1	3
3003 3035	33.3	1	3
3004 3034	33.3	1	3
3006 3032	33.3	1	3
3007 3031	33.3	1	3
3008 3030	33.3	1	3
3009 3029	33.3	1	3
3010 3028	33.3	1	3
3011 3027	33.3	1	3
3015 3023	33.3	1	3
3016 3022	33.3	1	3
3049 3067	33.3	1	3
3050 3066	33.3	1	3
3051 3065	33.3	1	3
3052 3064	33.3	1	3
3053 3063	33.3	1	3
3054 3062	33.3	1	3
3055 3061	33.3	1	3
3069 3086	33.3	1	3
3070 3085	33.3	1	3
3071 3084	33.3	1	3
3145 3260	33.3	1	3
3150 3255	33.3	1	3
3151 3254	33.3	1	3
3152 3253	33.3	1	3
3153 3252	33.3	1	3
3154 3251	33.3	1	3
3155 3250	33.3	1	3
3157 3248	33.3	1	3
3158 3247	33.3	1	3
3159 3246	33.3	1	3
3160 3245	33.3	1	3
3582 3606	33.3	1	3
3583 3605	33.3	1	3
3584 3604	33.3	1	3
3585 3603	33.3	1	3
3587 3602	33.3	1	3
3588 3601	33.3	1	3
3589 3600	33.3	1	3
3590 3599	33.3	1	3
3591 3598	33.3	1	3
3592 3597	33.3	1	3
3610 3625	33.3	1	3
3611 3624	33.3	1	3
3612 3623	33.3	1	3
3613 3622	33.3	1	3
3614 3621	33.3	1	3
3636 3671	33.3	1	3
3637 3670	33.3	1	3
3638 3669	33.3	1	3
3639 3668	33.3	1	3
3640 3667	33.3	1	3
3641 3666	33.3	1	3
3642 3665	33.3	1	3
3643 3664	33.3	1	3
3648 3661	33.3	1	3
3649 3660	33.3	1	3
3650 3659	33.3	1	3
3651 3658	33.3	1	3
3679 3691	33.3	1	3
3680 3690	33.3	1	3
3681 3689	33.3	1	3
3682 3688	33.3	1	3
3683 3687	33.3	1	3
3972 4035	33.3	1	3
3974 4033	33.3	1	3
3975 4032	33.3	1	3
3976 4031	33.3	1	3
3977 4030	33.3	1	3
3980 4014	33.3	1	3
3982 4012	33.3	1	3
3983 4011	33.3	1	3
3984 4010	33.3	1	3
3985 4009	33.3	1	3
3986 4008	33.3	1	3
3990 4005	33.3	1	3
3991 4004	33.3	1	3
3992 4003	33.3	1	3
3993 4002	33.3	1	3
3994 4001	33.3	1	3
3995 4000	33.3	1	3
4020 4029	33.3	1	3
4021 4028	33.3	1	3
4022 4027	33.3	1	3
4040 4106	33.3	1	3
4041 4105	33.3	1	3
4044 4102	33.3	1	3
4045 4101	33.3	1	3
4046 4100	33.3	1	3
4050 4094	33.3	1	3
4051 4093	33.3	1	3
4052 4091	33.3	1	3
4053 4090	33.3	1	3
4056 4087	33.3	1	3
4058 4085	33.3	1	3
4059 4084	33.3	1	3
4060 4083	33.3	1	3
4061 4082	33.3	1	3
4062 4081	33.3	1	3
4063 4080	33.3	1	3
4064 4079	33.3	1	3
4065 4078	33.3	1	3
4066 4077	33.3	1	3
4067 4076	33.3	1	3
4068 4075	33.3	1	3
4069 4074	33.3	1	3
4219 4336	33.3	1	3
4220 4335	33.3	1	3
4221 4333	33.3	1	3
4222 4332	33.3	1	3
4223 4331	33.3	1	3
4224 4330	33.3	1	3
4403 4449	33.3	1	3
4407 4444	33.3	1	3
4410 4441	33.3	1	3
4411 4440	33.3	1	3
4412 4439	33.3	1	3
4416 4435	33.3	1	3
4417 4434	33.3	1	3
4419 4428	33.3	1	3
4420 4427	33.3	1	3
4421 4426	33.3	1	3
4457 4503	33.3	1	3
4458 4502	33.3	1	3
4459 4501	33.3	1	3
4460 4500	33.3	1	3
4464 4496	33.3	1	3
4465 4495	33.3	1	3
4466 4494	33.3	1	3
4467 4493	33.3	1	3
4470 4491	33.3	1	3
4471 4490	33.3	1	3
4472 4489	33.3	1	3
4473 4488	33.3	1	3
4474 4487	33.3	1	3
4477 4485	33.3	1	3
4478 4484	33.3	1	3
4479 4483	33.3	1	3
4517 4561	33.3	1	3
4518 4560	33.3	1	3
4519 4559	33.3	1	3
4520 4558	33.3	1	3
4521 4557	33.3	1	3
4523 4555	33.3	1	3
4524 4554	33.3	1	3
4525 4553	33.3	1	3
4526 4552	33.3	1	3
4527 4551	33.3	1	3
4537 4550	33.3	1	3
4538 4549	33.3	1	3
4539 4548	33.3	1	3
4540 4547	33.3	1	3
4587 4686	33.3	1	3
4588 4685	33.3	1	3
4589 4684	33.3	1	3
4590 4683	33.3	1	3
4595 4678	33.3	1	3
4598 4675	33.3	1	3
4599 4674	33.3	1	3
4600 4673	33.3	1	3
4603 4669	33.3	1	3
4605 4667	33.3	1	3
4606 4666	33.3	1	3
4611 4656	33.3	1	3
4612 4655	33.3	1	3
4613 4654	33.3	1	3
4614 4653	33.3	1	3
4620 4648	33.3	1	3
4621 4647	33.3	1	3
4622 4646	33.3	1	3
4623 4645	33.3	1	3
4624 4644	33.3	1	3
4625 4643	33.3	1	3
4626 4642	33.3	1	3
4627 4637	33.3	1	3
4628 4636	33.3	1	3
6030 6096	33.3	1	3
6031 6095	33.3	1	3
6032 6094	33.3	1	3
6033 6093	33.3	1	3
6034 6092	33.3	1	3
6035 6091	33.3	1	3
6036 6090	33.3	1	3
6037 6089	33.3	1	3
6038 6088	33.3	1	3
6039 6087	33.3	1	3
6046 6086	33.3	1	3
6047 6085	33.3	1	3
6048 6084	33.3	1	3
6049 6083	33.3	1	3
6051 6082	33.3	1	3
6282 6362	33.3	1	3
6287 6359	33.3	1	3
6288 6358	33.3	1	3
6289 6357	33.3	1	3
6290 6356	33.3	1	3
6292 6352	33.3	1	3
6293 6351	33.3	1	3
6294 6350	33.3	1	3
6295 6348	33.3	1	3
6298 6344	33.3	1	3
6299 6343	33.3	1	3
6301 6341	33.3	1	3
6302 6340	33.3	1	3
6303 6339	33.3	1	3
6304 6338	33.3	1	3
6305 6337	33.3	1	3
6306 6336	33.3	1	3
6407 6474	33.3	1	3
6408 6473	33.3	1	3
6409 6472	33.3	1	3
6410 6471	33.3	1	3
6411 6470	33.3	1	3
6413 6469	33.3	1	3
6414 6468	33.3	1	3
6415 6467	33.3	1	3
6419 6460	33.3	1	3
6420 6459	33.3	1	3
6422 6457	33.3	1	3
6423 6456	33.3	1	3
6424 6455	33.3	1	3
6425 6454	33.3	1	3
6426 6453	33.3	1	3
6428 6451	33.3	1	3
6429 6450	33.3	1	3
6430 6449	33.3	1	3
6432 6447	33.3	1	3
6433 6446	33.3	1	3
6434 6444	33.3	1	3
6435 6443	33.3	1	3
6436 6442	33.3	1	3
6476 6485	33.3	1	3
6477 6484	33.3	1	3
6478 6483	33.3	1	3
6640 6691	33.3	1	3
6641 6690	33.3	1	3
6642 6689	33.3	1	3
6644 6687	33.3	1	3
6645 6686	33.3	1	3
6668 6685	33.3	1	3
6669 6684	33.3	1	3
6670 6683	33.3	1	3
6671 6682	33.3	1	3
6672 6681	33.3	1	3
6673 6680	33.3	1	3
6674 6679	33.3	1	3
6692 6720	33.3	1	3
6693 6719	33.3	1	3
6694 6718	33.3	1	3
6695 6717	33.3	1	3
6698 6714	33.3	1	3
6699 6713	33.3	1	3
6700 6712	33.3	1	3
6701 6711	33.3	1	3
6702 6710	33.3	1	3
6703 6709	33.3	1	3
6704 6708	33.3	1	3
6726 6753	33.3	1	3
6755 6772	33.3	1	3
6756 6771	33.3	1	3
6757 6770	33.3	1	3
6758 6769	33.3	1	3
6804 6890	33.3	1	3
6805 6889	33.3	1	3
6810 6885	33.3	1	3
6811 6884	33.3	1	3
6812 6883	33.3	1	3
6813 6882	33.3	1	3
6814 6881	33.3	1	3
6815 6880	33.3	1	3
6816 6879	33.3	1	3
6817 6878	33.3	1	3
6818 6877	33.3	1	3
6849 6876	33.3	1	3
6850 6875	33.3	1	3
6927 6940	33.3	1	3
6928 6939	33.3	1	3
6929 6938	33.3	1	3
6930 6937	33.3	1	3
6931 6936	33.3	1	3
6952 6958	33.3	1	3
6959 7009	33.3	1	3
6960 7008	33.3	1	3
6961 7006	33.3	1	3
6962 7002	33.3	1	3
6963 7001	33.3	1	3
6964 7000	33.3	1	3
6965 6999	33.3	1	3
6966 6998	33.3	1	3
6967 6987	33.3	1	3
6968 6986	33.3	1	3
6969 6985	33.3	1	3
6970 6984	33.3	1	3
6971 6983	33.3	1	3
6972 6982	33.3	1	3
6973 6981	33.3	1	3
6974 6980	33.3	1	3
7019 7057	33.3	1	3
7020 7056	33.3	1	3
7022 7054	33.3	1	3
7023 7053	33.3	1	3
7024 7052	33.3	1	3
7063 7076	33.3	1	3
7064 7075	33.3	1	3
7065 7074	33.3	1	3
7066 7073	33.3	1	3
7089 7175	33.3	1	3
7091 7173	33.3	1	3
7094 7171	33.3	1	3
7095 7170	33.3	1	3
7096 7169	33.3	1	3
7097 7168	33.3	1	3
7098 7167	33.3	1	3
7099 7166	33.3	1	3
7100 7165	33.3	1	3
7117 7143	33.3	1	3
7118 7142	33.3	1	3
7119 7141	33.3	1	3
7120 7140	33.3	1	3
7121 7139	33.3	1	3
7123 7137	33.3	1	3
7124 7136	33.3	1	3
7126 7135	33.3	1	3
7127 7134	33.3	1	3
7128 7133	33.3	1	3
7564 7582	33.3	1	3
7566 7581	33.3	1	3
7567 7580	33.3	1	3
7568 7579	33.3	1	3
7569 7578	33.3	1	3
7570 7577	33.3	1	3
7571 7576	33.3	1	3
7583 7635	33.3	1	3
7584 7634	33.3	1	3
7585 7633	33.3	1	3
7586 7632	33.3	1	3
7587 7631	33.3	1	3
7588 7630	33.3	1	3
7591 7627	33.3	1	3
7592 7626	33.3	1	3
7594 7625	33.3	1	3
7595 7624	33.3	1	3
7596 7623	33.3	1	3
7597 7622	33.3	1	3
7598 7621	33.3	1	3
7599 7620	33.3	1	3
7600 7619	33.3	1	3
7602 7617	33.3	1	3
7603 7616	33.3	1	3
7604 7615	33.3	1	3
7605 7614	33.3	1	3
7606 7613	33.3	1	3
7657 7671	33.3	1	3
7658 7670	33.3	1	3
7677 7693	33.3	1	3
7678 7692	33.3	1	3
7679 7691	33.3	1	3
7791 7886	33.3	1	3
7797 7878	33.3	1	3
7798 7877	33.3	1	3
7799 7876	33.3	1	3
7800 7875	33.3	1	3
7801 7874	33.3	1	3
7802 7873	33.3	1	3
7803 7872	33.3	1	3
7804 7871	33.3	1	3
7808 7834	33.3	1	3
7809 7833	33.3	1	3
7810 7832	33.3	1	3
7812 7828	33.3	1	3
7813 7827	33.3	1	3
7814 7826	33.3	1	3
7815 7825	33.3	1	3
7816 7824	33.3	1	3
7845 7870	33.3	1	3
7846 7869	33.3	1	3
7847 7868	33.3	1	3
7848 7867	33.3	1	3
7849 7866	33.3	1	3
7850 7865	33.3	1	3
7851 7864	33.3	1	3
7852 7863	33.3	1	3
7853 7862	33.3	1	3
7854 7861	33.3	1	3
7855 7860	33.3	1	3
8189 8294	33.3	1	3
8190 8293	33.3	1	3
8193 8290	33.3	1	3
8194 8289	33.3	1	3
8195 8288	33.3	1	3
8196 8287	33.3	1	3
8198 8245	33.3	1	3
8199 8244	33.3	1	3
8200 8243	33.3	1	3
8201 8242	33.3	1	3
8202 8241	33.3	1	3
8203 8240	33.3	1	3
8204 8239	33.3	1	3
8205 8238	33.3	1	3
8206 8237	33.3	1	3
8207 8236	33.3	1	3
8208 8235	33.3	1	3
8209 8233	33.3	1	3
8210 8232	33.3	1	3
8211 8231	33.3	1	3
8212 8230	33.3	1	3
8213 8229	33.3	1	3
8214 8228	33.3	1	3
8251 8269	33.3	1	3
8252 8268	33.3	1	3
8253 8267	33.3	1	3
8254 8266	33.3	1	3
8255 8265	33.3	1	3
8256 8264	33.3	1	3
8271 8280	33.3	1	3
8553 8659	33.3	1	3
8554 8658	33.3	1	3
8555 8657	33.3	1	3
8556 8656	33.3	1	3
8562 8655	33.3	1	3
8563 8654	33.3	1	3
8564 8652	33.3	1	3
8565 8651	33.3	1	3
8566 8650	33.3	1	3
8567 8649	33.3	1	3
8568 8648	33.3	1	3
8569 8647	33.3	1	3
8570 8646	33.3	1	3
8571 8645	33.3	1	3
8573 8643	33.3	1	3
8574 8642	33.3	1	3
8575 8641	33.3	1	3
8576 8640	33.3	1	3
8577 8639	33.3	1	3
8578 8638	33.3	1	3
8583 8636	33.3	1	3
8584 8635	33.3	1	3
8588 8633	33.3	1	3
8589 8632	33.3	1	3
8590 8631	33.3	1	3
8592 8629	33.3	1	3
8593 8628	33.3	1	3
8594 8627	33.3	1	3
8595 8626	33.3	1	3
8596 8625	33.3	1	3
8597 8624	33.3	1	3
8598 8623	33.3	1	3
8600 8621	33.3	1	3
8604 8615	33.3	1	3
8605 8614	33.3	1	3
8606 8613	33.3	1	3
8607 8612	33.3	1	3
8667 8675	33.3	1	3
8668 8674	33.3	1	3
8779 8818	33.3	1	3
8781 8816	33.3	1	3
8785 8812	33.3	1	3
8786 8811	33.3	1	3
8795 8803	33.3	1	3
8796 8802	33.3	1	3
8819 8876	33.3	1	3
8820 8875	33.3	1	3
8823 8873	33.3	1	3
8824 8872	33.3	1	3
8825 8871	33.3	1	3
8826 8870	33.3	1	3
8827 8869	33.3	1	3
8828 8868	33.3	1	3
8829 8867	33.3	1	3
8832 8865	33.3	1	3
8833 8864	33.3	1	3
8834 8863	33.3	1	3
8835 8862	33.3	1	3
8836 8861	33.3	1	3
8837 8860	33.3	1	3
8841 8854	33.3	1	3
8842 8853	33.3	1	3
8843 8852	33.3	1	3
8844 8851	33.3	1	3
8845 8850	33.3	1	3
8878 8888	33.3	1	3
8879 8887	33.3	1	3
8880 8886	33.3	1	3
8881 8885	33.3	1	3
8894 8921	33.3	1	3
8895 8920	33.3	1	3
8896 8919	33.3	1	3
8897 8918	33.3	1	3
8904 8912	33.3	1	3
8905 8911	33.3	1	3
8975 8990	33.3	1	3
8976 8989	33.3	1	3
8977 8988	33.3	1	3
8978 8987	33.3	1	3
8991 9000	33.3	1	3
8992 8999	33.3	1	3
8993 8998	33.3	1	3
9006 9071	33.3	1	3
9016 9042	33.3	1	3
9017 9041	33.3	1	3
9019 9039	33.3	1	3
9020 9038	33.3	1	3
9021 9037	33.3	1	3
9022 9036	33.3	1	3
9023 9035	33.3	1	3
9024 9034	33.3	1	3
9025 9033	33.3	1	3
9026 9032	33.3	1	3
9027 9031	33.3	1	3
9045 9062	33.3	1	3
9048 9059	33.3	1	3
9049 9058	33.3	1	3
9050 9057	33.3	1	3
9051 9056	33.3	1	3
9091 9102	33.3	1	3
9092 9101	33.3	1	3
9093 9100	33.3	1	3
9094 9099	33.3	1	3
9691 9728	33.3	1	3
9705 9727	33.3	1	3
9706 9726	33.3	1	3
9707 9725	33.3	1	3
9708 9724	33.3	1	3
9709 9723	33.3	1	3
9710 9722	33.3	1	3
9711 9721	33.3	1	3
9729 9770	33.3	1	3
9730 9769	33.3	1	3
9731 9768	33.3	1	3
9732 9767	33.3	1	3
9733 9766	33.3	1	3
9734 9765	33.3	1	3
9736 9763	33.3	1	3
9771 9793	33.3	1	3
9772 9792	33.3	1	3
9773 9791	33.3	1	3
9774 9790	33.3	1	3
9775 9789	33.3	1	3
9776 9788	33.3	1	3
9777 9787	33.3	1	3
9778 9786	33.3	1	3
9809 9819	33.3	1	3
9810 9818	33.3	1	3
9892 9913	33.3	1	3
9893 9912	33.3	1	3
9894 9911	33.3	1	3
9895 9910	33.3	1	3
9896 9909	33.3	1	3
9897 9908	33.3	1	3
9898 9907	33.3	1	3
9918 9960	33.3	1	3
9919 9959	33.3	1	3
9920 9958	33.3	1	3
9921 9957	33.3	1	3
9922 9956	33.3	1	3
9923 9953	33.3	1	3
9924 9952	33.3	1	3
9925 9951	33.3	1	3
9926 9950	33.3	1	3
9927 9949	33.3	1	3
9929 9948	33.3	1	3
9930 9947	33.3	1	3
9932 9945	33.3	1	3
9933 9944	33.3	1	3
9934 9943	33.3	1	3
9935 9942	33.3	1	3
9936 9941	33.3	1	3
9963 9986	33.3	1	3
9964 9985	33.3	1	3
9967 9980	33.3	1	3
9969 9978	33.3	1	3
10147 10161	33.3	1	3
10148 10160	33.3	1	3
10250 10172	33.3	1	3
10204 10182	33.3	1	3
10203 10183	33.3	1	3
10202 10184	33.3	1	3
10201 10185	33.3	1	3
10200 10186	33.3	1	3
10199 10187	33.3	1	3
10198 10188	33.3	1	3
10197 10189	33.3	1	3
10190 10196	33.3	1	3
10249 10208	33.3	1	3
10248 10209	33.3	1	3
10247 10210	33.3	1	3
10240 10217	33.3	1	3
10239 10218	33.3	1	3
10238 10219	33.3	1	3
10234 10223	33.3	1	3
10233 10224	33.3	1	3
10232 10225	33.3	1	3
10231 10226	33.3	1	3
10293 10251	33.3	1	3
10292 10252	33.3	1	3
10291 10253	33.3	1	3
10290 10254	33.3	1	3
10289 10255	33.3	1	3
10288 10256	33.3	1	3
10287 10257	33.3	1	3
10281 10261	33.3	1	3
10280 10262	33.3	1	3
10279 10263	33.3	1	3
10278 10264	33.3	1	3
10277 10265	33.3	1	3
10276 10266	33.3	1	3
10275 10268	33.3	1	3
161 202	33.3	1	3
162 201	33.3	1	3
163 200	33.3	1	3
164 199	33.3	1	3
165 194	33.3	1	3
166 193	33.3	1	3
167 192	33.3	1	3
168 191	33.3	1	3
170 188	33.3	1	3
171 187	33.3	1	3
172 186	33.3	1	3
173 185	33.3	1	3
174 184	33.3	1	3
175 183	33.3	1	3
176 182	33.3	1	3
177 181	33.3	1	3
219 241	33.3	1	3
220 240	33.3	1	3
221 239	33.3	1	3
222 238	33.3	1	3
223 237	33.3	1	3
224 236	33.3	1	3
225 235	33.3	1	3
226 234	33.3	1	3
227 233	33.3	1	3
256 363	33.3	1	3
258 361	33.3	1	3
280 360	33.3	1	3
281 359	33.3	1	3
282 358	33.3	1	3
283 357	33.3	1	3
284 356	33.3	1	3
292 351	33.3	1	3
293 350	33.3	1	3
294 348	33.3	1	3
296 346	33.3	1	3
297 345	33.3	1	3
298 344	33.3	1	3
299 343	33.3	1	3
300 342	33.3	1	3
301 341	33.3	1	3
303 339	33.3	1	3
304 338	33.3	1	3
305 337	33.3	1	3
306 336	33.3	1	3
307 335	33.3	1	3
308 334	33.3	1	3
309 333	33.3	1	3
310 332	33.3	1	3
314 331	33.3	1	3
315 330	33.3	1	3
316 329	33.3	1	3
317 328	33.3	1	3
318 327	33.3	1	3
319 326	33.3	1	3
385 396	33.3	1	3
386 395	33.3	1	3
387 394	33.3	1	3
388 393	33.3	1	3
478 509	33.3	1	3
479 508	33.3	1	3
480 507	33.3	1	3
481 506	33.3	1	3
482 504	33.3	1	3
483 503	33.3	1	3
484 502	33.3	1	3
485 501	33.3	1	3
486 500	33.3	1	3
487 499	33.3	1	3
512 521	33.3	1	3
513 520	33.3	1	3
530 597	33.3	1	3
531 596	33.3	1	3
532 595	33.3	1	3
533 594	33.3	1	3
534 591	33.3	1	3
535 590	33.3	1	3
536 589	33.3	1	3
537 588	33.3	1	3
538 586	33.3	1	3
539 585	33.3	1	3
540 584	33.3	1	3
541 583	33.3	1	3
543 582	33.3	1	3
544 581	33.3	1	3
546 579	33.3	1	3
547 578	33.3	1	3
548 577	33.3	1	3
549 576	33.3	1	3
550 575	33.3	1	3
551 574	33.3	1	3
552 573	33.3	1	3
555 572	33.3	1	3
556 571	33.3	1	3
557 570	33.3	1	3
559 569	33.3	1	3
560 568	33.3	1	3
561 567	33.3	1	3
611 629	33.3	1	3
612 628	33.3	1	3
613 627	33.3	1	3
615 625	33.3	1	3
616 624	33.3	1	3
617 623	33.3	1	3
724 837	33.3	1	3
725 836	33.3	1	3
726 835	33.3	1	3
727 834	33.3	1	3
728 833	33.3	1	3
729 832	33.3	1	3
730 831	33.3	1	3
732 830	33.3	1	3
733 829	33.3	1	3
734 828	33.3	1	3
735 827	33.3	1	3
736 826	33.3	1	3
737 825	33.3	1	3
738 824	33.3	1	3
739 823	33.3	1	3
741 821	33.3	1	3
742 820	33.3	1	3
743 819	33.3	1	3
744 817	33.3	1	3
745 816	33.3	1	3
746 815	33.3	1	3
747 813	33.3	1	3
749 811	33.3	1	3
947 1030	33.3	1	3
949 966	33.3	1	3
950 965	33.3	1	3
951 964	33.3	1	3
952 963	33.3	1	3
953 962	33.3	1	3
972 1029	33.3	1	3
973 1028	33.3	1	3
974 1027	33.3	1	3
975 1026	33.3	1	3
976 1025	33.3	1	3
977 1024	33.3	1	3
978 1023	33.3	1	3
979 1022	33.3	1	3
980 995	33.3	1	3
981 994	33.3	1	3
982 993	33.3	1	3
983 992	33.3	1	3
984 991	33.3	1	3
1003 1018	33.3	1	3
1004 1017	33.3	1	3
1005 1016	33.3	1	3
1007 1015	33.3	1	3
1008 1014	33.3	1	3
1034 1047	33.3	1	3
1035 1046	33.3	1	3
1036 1045	33.3	1	3
1037 1044	33.3	1	3
1049 1121	33.3	1	3
1050 1120	33.3	1	3
1055 1115	33.3	1	3
1056 1114	33.3	1	3
1057 1113	33.3	1	3
1058 1112	33.3	1	3
1059 1111	33.3	1	3
1060 1110	33.3	1	3
1061 1109	33.3	1	3
1062 1108	33.3	1	3
1066 1103	33.3	1	3
1067 1102	33.3	1	3
1068 1101	33.3	1	3
1070 1099	33.3	1	3
1071 1098	33.3	1	3
1072 1097	33.3	1	3
1272 1328	33.3	1	3
1273 1327	33.3	1	3
1274 1326	33.3	1	3
1275 1325	33.3	1	3
1276 1324	33.3	1	3
1284 1314	33.3	1	3
1286 1312	33.3	1	3
1287 1311	33.3	1	3
1290 1308	33.3	1	3
1291 1307	33.3	1	3
1292 1306	33.3	1	3
1293 1305	33.3	1	3
1332 1419	33.3	1	3
1333 1418	33.3	1	3
1337 1414	33.3	1	3
1338 1412	33.3	1	3
1339 1411	33.3	1	3
1340 1410	33.3	1	3
1341 1409	33.3	1	3
1342 1408	33.3	1	3
1343 1407	33.3	1	3
1347 1403	33.3	1	3
1348 1402	33.3	1	3
1349 1401	33.3	1	3
1350 1400	33.3	1	3
1351 1398	33.3	1	3
1352 1397	33.3	1	3
1353 1396	33.3	1	3
1354 1395	33.3	1	3
1355 1394	33.3	1	3
1359 1393	33.3	1	3
1360 1392	33.3	1	3
1361 1391	33.3	1	3
1362 1390	33.3	1	3
1363 1389	33.3	1	3
1364 1388	33.3	1	3
1365 1387	33.3	1	3
1369 1382	33.3	1	3
1370 1381	33.3	1	3
1371 1380	33.3	1	3
1372 1379	33.3	1	3
1509 1527	33.3	1	3
1521 1608	33.3	1	3
1522 1607	33.3	1	3
1523 1606	33.3	1	3
1544 1600	33.3	1	3
1545 1599	33.3	1	3
1552 1594	33.3	1	3
1553 1593	33.3	1	3
1554 1592	33.3	1	3
1555 1591	33.3	1	3
1556 1590	33.3	1	3
1557 1589	33.3	1	3
1558 1588	33.3	1	3
1559 1587	33.3	1	3
1560 1586	33.3	1	3
1561 1585	33.3	1	3
1563 1583	33.3	1	3
1564 1582	33.3	1	3
1565 1581	33.3	1	3
1566 1580	33.3	1	3
1568 1575	33.3	1	3
1569 1574	33.3	1	3
1626 1650	33.3	1	3
1633 1648	33.3	1	3
1634 1647	33.3	1	3
1635 1646	33.3	1	3
1636 1645	33.3	1	3
1638 1643	33.3	1	3
1659 1716	33.3	1	3
1660 1715	33.3	1	3
1662 1713	33.3	1	3
1663 1712	33.3	1	3
1664 1711	33.3	1	3
1665 1710	33.3	1	3
1666 1709	33.3	1	3
1667 1708	33.3	1	3
1670 1705	33.3	1	3
1671 1704	33.3	1	3
1672 1700	33.3	1	3
1676 1695	33.3	1	3
2043 2054	33.3	1	3
2045 2052	33.3	1	3
2053 2157	33.3	1	3
2055 2155	33.3	1	3
2056 2154	33.3	1	3
2057 2153	33.3	1	3
2058 2152	33.3	1	3
2059 2151	33.3	1	3
2064 2146	33.3	1	3
2065 2145	33.3	1	3
2069 2141	33.3	1	3
2070 2140	33.3	1	3
2071 2139	33.3	1	3
2073 2138	33.3	1	3
2074 2137	33.3	1	3
2075 2136	33.3	1	3
2077 2134	33.3	1	3
2078 2133	33.3	1	3
2381 2466	33.3	1	3
2409 2461	33.3	1	3
2410 2460	33.3	1	3
2413 2455	33.3	1	3
2414 2454	33.3	1	3
2415 2453	33.3	1	3
2416 2452	33.3	1	3
2417 2451	33.3	1	3
2418 2450	33.3	1	3
2420 2449	33.3	1	3
2421 2448	33.3	1	3
2422 2447	33.3	1	3
2423 2446	33.3	1	3
2424 2445	33.3	1	3
2425 2444	33.3	1	3
2426 2443	33.3	1	3
2431 2442	33.3	1	3
2432 2441	33.3	1	3
2433 2440	33.3	1	3
2434 2439	33.3	1	3
2470 2488	33.3	1	3
2471 2487	33.3	1	3
2472 2486	33.3	1	3
2473 2485	33.3	1	3
2474 2484	33.3	1	3
2475 2483	33.3	1	3
2476 2482	33.3	1	3
2477 2481	33.3	1	3
2499 2587	33.3	1	3
2500 2586	33.3	1	3
2501 2585	33.3	1	3
2502 2584	33.3	1	3
2503 2583	33.3	1	3
2504 2582	33.3	1	3
2505 2581	33.3	1	3
2506 2580	33.3	1	3
2507 2578	33.3	1	3
2508 2575	33.3	1	3
2509 2574	33.3	1	3
2510 2573	33.3	1	3
2511 2572	33.3	1	3
2514 2569	33.3	1	3
2515 2568	33.3	1	3
2516 2567	33.3	1	3
2517 2566	33.3	1	3
2518 2565	33.3	1	3
2519 2564	33.3	1	3
2520 2563	33.3	1	3
2521 2562	33.3	1	3
2522 2561	33.3	1	3
2525 2560	33.3	1	3
2526 2559	33.3	1	3
2527 2558	33.3	1	3
2528 2557	33.3	1	3
2529 2556	33.3	1	3
2530 2555	33.3	1	3
2531 2554	33.3	1	3
2532 2553	33.3	1	3
2534 2551	33.3	1	3
2538 2547	33.3	1	3
2539 2546	33.3	1	3
2589 2610	33.3	1	3
2591 2608	33.3	1	3
2592 2607	33.3	1	3
2593 2606	33.3	1	3
2594 2605	33.3	1	3
2595 2604	33.3	1	3
2612 2669	33.3	1	3
2613 2668	33.3	1	3
2616 2665	33.3	1	3
2617 2664	33.3	1	3
2623 2629	33.3	1	3
2624 2628	33.3	1	3
2631 2658	33.3	1	3
2632 2657	33.3	1	3
2633 2656	33.3	1	3
2634 2655	33.3	1	3
2635 2654	33.3	1	3
2636 2653	33.3	1	3
2637 2652	33.3	1	3
2640 2649	33.3	1	3
2671 2704	33.3	1	3
2672 2703	33.3	1	3
2673 2702	33.3	1	3
2674 2701	33.3	1	3
2676 2699	33.3	1	3
2677 2698	33.3	1	3
2679 2697	33.3	1	3
2680 2696	33.3	1	3
2681 2695	33.3	1	3
2682 2694	33.3	1	3
2683 2693	33.3	1	3
2684 2692	33.3	1	3
2685 2691	33.3	1	3
2708 2740	33.3	1	3
2709 2739	33.3	1	3
2710 2738	33.3	1	3
2711 2737	33.3	1	3
2717 2732	33.3	1	3
2718 2731	33.3	1	3
2720 2729	33.3	1	3
2721 2728	33.3	1	3
2748 2776	33.3	1	3
2753 2771	33.3	1	3
2754 2770	33.3	1	3
2756 2768	33.3	1	3
2901 2934	33.3	1	3
2902 2933	33.3	1	3
2903 2932	33.3	1	3
2905 2930	33.3	1	3
2907 2928	33.3	1	3
2944 3031	33.3	1	3
2945 3030	33.3	1	3
2947 3028	33.3	1	3
2948 3027	33.3	1	3
2951 3024	33.3	1	3
2952 3023	33.3	1	3
2953 3020	33.3	1	3
2954 3019	33.3	1	3
2955 3018	33.3	1	3
2957 3013	33.3	1	3
2958 3012	33.3	1	3
2959 3011	33.3	1	3
2960 3010	33.3	1	3
2962 3008	33.3	1	3
2963 3007	33.3	1	3
2964 3006	33.3	1	3
2965 3005	33.3	1	3
2966 3004	33.3	1	3
2967 3003	33.3	1	3
2968 3002	33.3	1	3
2970 3000	33.3	1	3
2971 2999	33.3	1	3
2972 2998	33.3	1	3
2973 2997	33.3	1	3
2975 2996	33.3	1	3
2976 2995	33.3	1	3
2977 2994	33.3	1	3
2978 2993	33.3	1	3
2979 2992	33.3	1	3
2980 2991	33.3	1	3
2981 2990	33.3	1	3
2982 2989	33.3	1	3
2983 2988	33.3	1	3
3043 3054	33.3	1	3
3266 3308	33.3	1	3
3267 3307	33.3	1	3
3268 3306	33.3	1	3
3269 3305	33.3	1	3
3270 3304	33.3	1	3
3271 3303	33.3	1	3
3272 3302	33.3	1	3
3273 3301	33.3	1	3
3286 3298	33.3	1	3
3287 3297	33.3	1	3
3288 3296	33.3	1	3
3289 3295	33.3	1	3
3315 3369	33.3	1	3
3465 3576	33.3	1	3
3466 3575	33.3	1	3
3467 3574	33.3	1	3
3468 3570	33.3	1	3
3469 3569	33.3	1	3
3470 3568	33.3	1	3
3472 3566	33.3	1	3
3473 3564	33.3	1	3
3474 3563	33.3	1	3
3475 3562	33.3	1	3
3476 3561	33.3	1	3
3477 3560	33.3	1	3
3478 3559	33.3	1	3
3479 3558	33.3	1	3
3480 3557	33.3	1	3
3481 3556	33.3	1	3
3482 3555	33.3	1	3
3487 3549	33.3	1	3
3488 3548	33.3	1	3
3489 3547	33.3	1	3
3490 3546	33.3	1	3
3491 3545	33.3	1	3
3493 3544	33.3	1	3
3495 3543	33.3	1	3
3496 3542	33.3	1	3
3497 3541	33.3	1	3
3498 3540	33.3	1	3
3499 3539	33.3	1	3
3501 3537	33.3	1	3
3502 3536	33.3	1	3
3615 3719	33.3	1	3
3616 3718	33.3	1	3
3618 3714	33.3	1	3
3619 3713	33.3	1	3
3620 3712	33.3	1	3
3621 3711	33.3	1	3
3622 3710	33.3	1	3
3623 3709	33.3	1	3
3624 3708	33.3	1	3
3625 3707	33.3	1	3
3626 3705	33.3	1	3
3627 3704	33.3	1	3
3628 3703	33.3	1	3
3632 3699	33.3	1	3
3633 3698	33.3	1	3
3634 3697	33.3	1	3
3635 3696	33.3	1	3
3637 3695	33.3	1	3
3638 3694	33.3	1	3
3639 3693	33.3	1	3
3642 3690	33.3	1	3
3643 3689	33.3	1	3
3644 3686	33.3	1	3
3645 3685	33.3	1	3
3646 3684	33.3	1	3
3647 3683	33.3	1	3
3648 3682	33.3	1	3
3649 3681	33.3	1	3
3650 3679	33.3	1	3
3651 3678	33.3	1	3
3969 4080	33.3	1	3
3970 4079	33.3	1	3
3971 4078	33.3	1	3
4287 4379	33.3	1	3
4288 4378	33.3	1	3
4289 4377	33.3	1	3
4290 4376	33.3	1	3
4291 4375	33.3	1	3
4294 4372	33.3	1	3
4295 4371	33.3	1	3
4296 4370	33.3	1	3
4297 4369	33.3	1	3
4298 4368	33.3	1	3
4299 4367	33.3	1	3
4300 4366	33.3	1	3
4301 4365	33.3	1	3
4546 4556	33.3	1	3
4562 4631	33.3	1	3
4563 4630	33.3	1	3
4564 4629	33.3	1	3
4565 4628	33.3	1	3
4566 4627	33.3	1	3
4567 4626	33.3	1	3
4573 4621	33.3	1	3
4574 4620	33.3	1	3
4575 4619	33.3	1	3
4576 4618	33.3	1	3
4578 4616	33.3	1	3
4579 4615	33.3	1	3
4580 4614	33.3	1	3
4581 4613	33.3	1	3
4582 4612	33.3	1	3
4583 4611	33.3	1	3
4585 4610	33.3	1	3
4586 4609	33.3	1	3
4587 4608	33.3	1	3
4591 4605	33.3	1	3
4592 4604	33.3	1	3
4593 4603	33.3	1	3
4594 4602	33.3	1	3
4638 4647	33.3	1	3
4639 4646	33.3	1	3
4730 4745	33.3	1	3
4731 4744	33.3	1	3
4732 4743	33.3	1	3
4763 4852	33.3	1	3
4764 4851	33.3	1	3
4765 4850	33.3	1	3
4766 4849	33.3	1	3
4767 4848	33.3	1	3
4768 4847	33.3	1	3
4770 4844	33.3	1	3
4771 4843	33.3	1	3
4772 4842	33.3	1	3
4773 4841	33.3	1	3
4778 4832	33.3	1	3
4779 4831	33.3	1	3
4783 4825	33.3	1	3
4787 4821	33.3	1	3
4788 4820	33.3	1	3
4790 4818	33.3	1	3
4791 4817	33.3	1	3
4792 4816	33.3	1	3
4794 4809	33.3	1	3
4795 4808	33.3	1	3
4796 4807	33.3	1	3
4797 4806	33.3	1	3
5049 5132	33.3	1	3
5050 5131	33.3	1	3
5051 5130	33.3	1	3
5052 5129	33.3	1	3
5057 5128	33.3	1	3
5058 5127	33.3	1	3
5059 5126	33.3	1	3
5060 5125	33.3	1	3
5061 5124	33.3	1	3
5062 5123	33.3	1	3
5063 5118	33.3	1	3
5064 5117	33.3	1	3
5065 5116	33.3	1	3
5066 5115	33.3	1	3
5067 5114	33.3	1	3
5068 5113	33.3	1	3
5071 5112	33.3	1	3
5072 5111	33.3	1	3
5073 5110	33.3	1	3
5074 5109	33.3	1	3
5075 5108	33.3	1	3
5076 5107	33.3	1	3
5077 5106	33.3	1	3
5691 5756	33.3	1	3
5694 5753	33.3	1	3
5708 5742	33.3	1	3
5709 5741	33.3	1	3
5710 5740	33.3	1	3
5711 5738	33.3	1	3
5712 5737	33.3	1	3
5713 5736	33.3	1	3
5714 5735	33.3	1	3
5717 5732	33.3	1	3
5718 5731	33.3	1	3
5719 5730	33.3	1	3
5720 5729	33.3	1	3
5722 5728	33.3	1	3
5723 5727	33.3	1	3
5989 6038	33.3	1	3
5990 6037	33.3	1	3
5991 6036	33.3	1	3
5992 6035	33.3	1	3
5993 6034	33.3	1	3
5994 6033	33.3	1	3
5995 6032	33.3	1	3
6003 6031	33.3	1	3
6004 6030	33.3	1	3
6005 6029	33.3	1	3
6007 6027	33.3	1	3
6008 6026	33.3	1	3
6042 6079	33.3	1	3
6043 6078	33.3	1	3
6044 6077	33.3	1	3
6045 6076	33.3	1	3
6046 6075	33.3	1	3
6663 6746	33.3	1	3
6664 6745	33.3	1	3
6665 6744	33.3	1	3
6666 6743	33.3	1	3
6667 6742	33.3	1	3
6668 6741	33.3	1	3
6669 6740	33.3	1	3
6671 6739	33.3	1	3
6672 6738	33.3	1	3
6673 6737	33.3	1	3
6674 6736	33.3	1	3
6675 6735	33.3	1	3
6676 6734	33.3	1	3
6677 6696	33.3	1	3
6678 6695	33.3	1	3
6680 6694	33.3	1	3
6681 6693	33.3	1	3
6682 6692	33.3	1	3
6683 6691	33.3	1	3
6684 6690	33.3	1	3
6685 6689	33.3	1	3
6697 6712	33.3	1	3
6698 6711	33.3	1	3
6699 6710	33.3	1	3
6700 6709	33.3	1	3
6701 6708	33.3	1	3
6702 6707	33.3	1	3
6714 6731	33.3	1	3
6715 6730	33.3	1	3
6716 6729	33.3	1	3
6719 6726	33.3	1	3
6720 6725	33.3	1	3
6751 6758	33.3	1	3
6752 6757	33.3	1	3
6760 6778	33.3	1	3
6763 6775	33.3	1	3
6764 6774	33.3	1	3
6765 6773	33.3	1	3
6783 6892	33.3	1	3
6784 6891	33.3	1	3
6788 6887	33.3	1	3
6790 6886	33.3	1	3
6791 6885	33.3	1	3
6795 6857	33.3	1	3
6796 6856	33.3	1	3
6798 6855	33.3	1	3
6799 6854	33.3	1	3
6800 6853	33.3	1	3
6801 6852	33.3	1	3
6802 6851	33.3	1	3
6803 6850	33.3	1	3
6804 6849	33.3	1	3
6805 6848	33.3	1	3
6807 6843	33.3	1	3
6808 6842	33.3	1	3
6809 6841	33.3	1	3
6810 6840	33.3	1	3
6811 6839	33.3	1	3
6812 6838	33.3	1	3
6813 6837	33.3	1	3
6814 6836	33.3	1	3
6817 6833	33.3	1	3
6818 6832	33.3	1	3
6820 6830	33.3	1	3
6821 6829	33.3	1	3
6822 6828	33.3	1	3
6823 6827	33.3	1	3
7488 7574	33.3	1	3
7489 7573	33.3	1	3
7498 7555	33.3	1	3
7499 7554	33.3	1	3
7500 7553	33.3	1	3
7501 7552	33.3	1	3
7502 7551	33.3	1	3
7503 7550	33.3	1	3
7504 7547	33.3	1	3
7505 7546	33.3	1	3
7506 7545	33.3	1	3
7507 7544	33.3	1	3
7508 7543	33.3	1	3
7509 7542	33.3	1	3
7510 7541	33.3	1	3
7511 7540	33.3	1	3
7512 7539	33.3	1	3
7513 7538	33.3	1	3
7515 7536	33.3	1	3
7516 7535	33.3	1	3
7517 7534	33.3	1	3
7518 7533	33.3	1	3
7523 7529	33.3	1	3
7524 7528	33.3	1	3
7588 7610	33.3	1	3
7802 7824	33.3	1	3
7803 7823	33.3	1	3
7804 7822	33.3	1	3
7806 7821	33.3	1	3
7807 7820	33.3	1	3
7808 7819	33.3	1	3
7809 7818	33.3	1	3
7810 7817	33.3	1	3
7831 7875	33.3	1	3
7832 7874	33.3	1	3
7833 7873	33.3	1	3
7834 7872	33.3	1	3
7835 7871	33.3	1	3
7840 7866	33.3	1	3
7841 7865	33.3	1	3
7842 7864	33.3	1	3
7843 7863	33.3	1	3
7844 7862	33.3	1	3
7845 7861	33.3	1	3
7849 7857	33.3	1	3
7850 7856	33.3	1	3
7881 7910	33.3	1	3
7882 7909	33.3	1	3
7883 7908	33.3	1	3
7890 7902	33.3	1	3
7891 7901	33.3	1	3
7892 7900	33.3	1	3
7893 7899	33.3	1	3
8061 8071	33.3	1	3
8062 8070	33.3	1	3
8063 8069	33.3	1	3
8074 8089	33.3	1	3
8075 8088	33.3	1	3
8076 8087	33.3	1	3
8077 8086	33.3	1	3
8078 8085	33.3	1	3
8105 8110	33.3	1	3
8112 8137	33.3	1	3
8113 8136	33.3	1	3
8114 8135	33.3	1	3
8120 8133	33.3	1	3
8121 8132	33.3	1	3
8122 8131	33.3	1	3
8123 8130	33.3	1	3
8124 8129	33.3	1	3
8140 8151	33.3	1	3
8141 8150	33.3	1	3
8142 8149	33.3	1	3
8143 8148	33.3	1	3
8159 8166	33.3	1	3
8160 8165	33.3	1	3
8273 8345	33.3	1	3
8274 8344	33.3	1	3
8275 8343	33.3	1	3
8276 8342	33.3	1	3
8278 8340	33.3	1	3
8279 8339	33.3	1	3
8280 8338	33.3	1	3
8283 8334	33.3	1	3
8284 8333	33.3	1	3
8285 8332	33.3	1	3
8286 8331	33.3	1	3
8287 8330	33.3	1	3
8288 8329	33.3	1	3
8290 8305	33.3	1	3
8291 8304	33.3	1	3
8292 8303	33.3	1	3
8293 8302	33.3	1	3
8294 8301	33.3	1	3
8295 8300	33.3	1	3
8306 8327	33.3	1	3
8307 8326	33.3	1	3
8308 8325	33.3	1	3
8309 8324	33.3	1	3
8310 8323	33.3	1	3
8311 8322	33.3	1	3
8312 8321	33.3	1	3
8313 8320	33.3	1	3
8314 8319	33.3	1	3
8356 8388	33.3	1	3
8357 8387	33.3	1	3
8358 8386	33.3	1	3
8359 8385	33.3	1	3
8360 8384	33.3	1	3
8361 8383	33.3	1	3
8362 8382	33.3	1	3
8363 8381	33.3	1	3
8364 8380	33.3	1	3
8367 8377	33.3	1	3
8368 8376	33.3	1	3
8369 8375	33.3	1	3
8370 8374	33.3	1	3
8391 8439	33.3	1	3
8392 8438	33.3	1	3
8394 8436	33.3	1	3
8641 8724	33.3	1	3
8643 8722	33.3	1	3
8644 8720	33.3	1	3
8645 8719	33.3	1	3
8646 8718	33.3	1	3
8647 8717	33.3	1	3
8649 8715	33.3	1	3
8659 8679	33.3	1	3
9104 9188	33.3	1	3
9105 9187	33.3	1	3
9106 9186	33.3	1	3
9107 9184	33.3	1	3
9108 9183	33.3	1	3
9109 9182	33.3	1	3
9110 9181	33.3	1	3
9111 9180	33.3	1	3
9112 9179	33.3	1	3
9113 9178	33.3	1	3
9115 9176	33.3	1	3
9116 9175	33.3	1	3
9117 9174	33.3	1	3
9118 9172	33.3	1	3
9119 9171	33.3	1	3
9120 9170	33.3	1	3
9121 9169	33.3	1	3
9123 9165	33.3	1	3
9124 9164	33.3	1	3
9125 9163	33.3	1	3
9129 9159	33.3	1	3
9130 9158	33.3	1	3
9131 9157	33.3	1	3
9132 9156	33.3	1	3
9134 9154	33.3	1	3
9135 9153	33.3	1	3
9136 9152	33.3	1	3
9139 9148	33.3	1	3
9140 9147	33.3	1	3
9141 9146	33.3	1	3
9407 9519	33.3	1	3
9410 9516	33.3	1	3
9411 9515	33.3	1	3
9412 9514	33.3	1	3
9413 9513	33.3	1	3
9598 9699	33.3	1	3
9599 9698	33.3	1	3
9601 9695	33.3	1	3
9602 9694	33.3	1	3
9604 9692	33.3	1	3
9605 9691	33.3	1	3
9606 9690	33.3	1	3
9608 9688	33.3	1	3
9609 9684	33.3	1	3
9610 9683	33.3	1	3
9611 9682	33.3	1	3
9612 9681	33.3	1	3
9613 9680	33.3	1	3
9614 9679	33.3	1	3
9615 9678	33.3	1	3
9616 9677	33.3	1	3
9617 9676	33.3	1	3
9618 9674	33.3	1	3
9619 9673	33.3	1	3
9620 9672	33.3	1	3
9621 9671	33.3	1	3
9622 9670	33.3	1	3
9623 9669	33.3	1	3
9624 9668	33.3	1	3
9625 9667	33.3	1	3
9633 9657	33.3	1	3
9634 9656	33.3	1	3
9635 9655	33.3	1	3
9636 9654	33.3	1	3
9637 9653	33.3	1	3
9644 9652	33.3	1	3
9645 9651	33.3	1	3
9893 9952	33.3	1	3
9894 9951	33.3	1	3
9895 9950	33.3	1	3
9896 9949	33.3	1	3
9897 9948	33.3	1	3
9898 9947	33.3	1	3
9899 9946	33.3	1	3
9900 9945	33.3	1	3
9902 9943	33.3	1	3
9903 9942	33.3	1	3
9904 9941	33.3	1	3
9905 9940	33.3	1	3
9907 9939	33.3	1	3
9908 9938	33.3	1	3
9910 9936	33.3	1	3
9912 9934	33.3	1	3
9913 9933	33.3	1	3
9917 9932	33.3	1	3
9918 9931	33.3	1	3
9919 9930	33.3	1	3
9920 9929	33.3	1	3
9921 9928	33.3	1	3
9953 10034	33.3	1	3
9954 10033	33.3	1	3
9955 10032	33.3	1	3
9962 9972	33.3	1	3
9990 10028	33.3	1	3
9991 10027	33.3	1	3
9992 10026	33.3	1	3
9993 10025	33.3	1	3
9994 10024	33.3	1	3
9995 10023	33.3	1	3
9996 10022	33.3	1	3
9997 10021	33.3	1	3
9998 10020	33.3	1	3
10004 10014	33.3	1	3
10005 10013	33.3	1	3
10006 10012	33.3	1	3
10043 10105	33.3	1	3
10044 10104	33.3	1	3
10045 10103	33.3	1	3
10046 10102	33.3	1	3
10047 10100	33.3	1	3
10048 10099	33.3	1	3
10051 10096	33.3	1	3
10052 10095	33.3	1	3
10053 10094	33.3	1	3
10054 10093	33.3	1	3
10058 10091	33.3	1	3
10059 10090	33.3	1	3
10061 10088	33.3	1	3
10062 10087	33.3	1	3
10063 10086	33.3	1	3
10064 10085	33.3	1	3
10065 10084	33.3	1	3
10066 10083	33.3	1	3
10067 10082	33.3	1	3
10068 10081	33.3	1	3
10069 10080	33.3	1	3
10071 10078	33.3	1	3
10072 10077	33.3	1	3
10338 10240	33.3	1	3
10337 10241	33.3	1	3
10336 10242	33.3	1	3
10330 10245	33.3	1	3
10328 10246	33.3	1	3
10327 10247	33.3	1	3
10318 10254	33.3	1	3
10317 10255	33.3	1	3
10316 10256	33.3	1	3
10257 10315	33.3	1	3
10260 10312	33.3	1	3
10261 10311	33.3	1	3
10262 10310	33.3	1	3
10263 10309	33.3	1	3
10264 10308	33.3	1	3
10265 10307	33.3	1	3
10266 10306	33.3	1	3
10267 10305	33.3	1	3
10270 10303	33.3	1	3
10271 10302	33.3	1	3
10272 10301	33.3	1	3
10273 10300	33.3	1	3
10274 10299	33.3	1	3
10276 10297	33.3	1	3
10278 10295	33.3	1	3
10281 10292	33.3	1	3
10282 10291	33.3	1	3
10432 10371	33.3	1	3
