1 113	16.7	1	6
76 172	16.7	1	6
77 171	16.7	1	6
79 170	16.7	1	6
80 169	16.7	1	6
81 168	16.7	1	6
82 167	16.7	1	6
83 166	16.7	1	6
84 165	16.7	1	6
92 155	16.7	1	6
93 154	16.7	1	6
94 153	16.7	1	6
95 152	16.7	1	6
96 151	16.7	1	6
97 150	16.7	1	6
99 148	16.7	1	6
100 147	16.7	1	6
101 146	16.7	1	6
102 145	16.7	1	6
103 143	16.7	1	6
104 142	16.7	1	6
105 141	16.7	1	6
107 139	16.7	1	6
108 138	16.7	1	6
109 137	16.7	1	6
111 135	16.7	1	6
112 134	16.7	1	6
114 132	16.7	1	6
115 131	16.7	1	6
117 130	16.7	1	6
118 129	16.7	1	6
180 185	16.7	1	6
844 935	16.7	1	6
845 934	16.7	1	6
846 933	16.7	1	6
847 932	16.7	1	6
849 930	16.7	1	6
850 929	16.7	1	6
851 928	16.7	1	6
852 927	16.7	1	6
889 926	16.7	1	6
890 925	16.7	1	6
891 924	16.7	1	6
892 923	16.7	1	6
893 922	16.7	1	6
895 920	16.7	1	6
896 919	16.7	1	6
2801 2847	16.7	1	6
2802 2846	16.7	1	6
2803 2845	16.7	1	6
2804 2844	16.7	1	6
2810 2836	16.7	1	6
2811 2835	16.7	1	6
2812 2834	16.7	1	6
2813 2833	16.7	1	6
2814 2832	16.7	1	6
2815 2831	16.7	1	6
2816 2830	16.7	1	6
2817 2829	16.7	1	6
2818 2828	16.7	1	6
2819 2827	16.7	1	6
2820 2826	16.7	1	6
2821 2825	16.7	1	6
2848 2889	16.7	1	6
2849 2888	16.7	1	6
2850 2887	16.7	1	6
2851 2886	16.7	1	6
2852 2885	16.7	1	6
2853 2884	16.7	1	6
2854 2883	16.7	1	6
2857 2882	16.7	1	6
2858 2881	16.7	1	6
2859 2880	16.7	1	6
2860 2879	16.7	1	6
2861 2878	16.7	1	6
2862 2877	16.7	1	6
2864 2875	16.7	1	6
2865 2874	16.7	1	6
2866 2873	16.7	1	6
2867 2872	16.7	1	6
2890 2915	16.7	1	6
2891 2914	16.7	1	6
2892 2913	16.7	1	6
2893 2912	16.7	1	6
2894 2911	16.7	1	6
3115 3213	16.7	1	6
3116 3212	16.7	1	6
3117 3211	16.7	1	6
3118 3210	16.7	1	6
3119 3209	16.7	1	6
3154 3208	16.7	1	6
3533 3560	16.7	1	6
3535 3558	16.7	1	6
3561 3599	33.3	2	6
3562 3598	33.3	2	6
3563 3597	33.3	2	6
3564 3596	33.3	2	6
3565 3595	33.3	2	6
3566 3593	16.7	1	6
3567 3592	16.7	1	6
3568 3591	16.7	1	6
3570 3589	33.3	2	6
3571 3588	33.3	2	6
3572 3587	33.3	2	6
3573 3586	16.7	1	6
3574 3585	33.3	2	6
3575 3584	33.3	2	6
3576 3583	33.3	2	6
3577 3582	33.3	2	6
3600 3635	16.7	1	6
3602 3633	16.7	1	6
3608 3627	16.7	1	6
3609 3626	16.7	1	6
3610 3625	16.7	1	6
3611 3624	16.7	1	6
3613 3622	16.7	1	6
3614 3621	16.7	1	6
3982 4097	16.7	1	6
3983 4096	16.7	1	6
3984 4095	16.7	1	6
3986 4093	16.7	1	6
4692 4755	16.7	1	6
4858 4865	16.7	1	6
4859 4864	16.7	1	6
5876 5974	16.7	1	6
5878 5973	16.7	1	6
5879 5972	16.7	1	6
5880 5971	16.7	1	6
5881 5970	16.7	1	6
5882 5969	16.7	1	6
27 44	16.7	1	6
28 43	16.7	1	6
29 42	16.7	1	6
30 41	16.7	1	6
31 40	16.7	1	6
32 39	16.7	1	6
33 38	16.7	1	6
64 138	16.7	1	6
65 137	16.7	1	6
66 136	16.7	1	6
67 135	16.7	1	6
68 134	16.7	1	6
69 105	16.7	1	6
70 104	16.7	1	6
71 103	16.7	1	6
75 90	16.7	1	6
76 89	16.7	1	6
77 88	16.7	1	6
78 87	16.7	1	6
79 86	16.7	1	6
115 129	16.7	1	6
116 128	16.7	1	6
117 127	16.7	1	6
1165 1209	16.7	1	6
1166 1208	16.7	1	6
1168 1206	16.7	1	6
1169 1205	16.7	1	6
1170 1204	16.7	1	6
1171 1200	16.7	1	6
1172 1199	16.7	1	6
1173 1198	16.7	1	6
1174 1197	16.7	1	6
1175 1196	16.7	1	6
1176 1195	16.7	1	6
1177 1194	16.7	1	6
1178 1193	16.7	1	6
1179 1192	16.7	1	6
1180 1191	16.7	1	6
1181 1190	16.7	1	6
1182 1189	16.7	1	6
1215 1228	16.7	1	6
1216 1227	16.7	1	6
1217 1226	16.7	1	6
1218 1225	16.7	1	6
1219 1224	16.7	1	6
1529 1604	16.7	1	6
1530 1603	16.7	1	6
1531 1602	16.7	1	6
1533 1601	16.7	1	6
1534 1600	16.7	1	6
1535 1599	16.7	1	6
1536 1598	16.7	1	6
1537 1597	16.7	1	6
1538 1596	16.7	1	6
1547 1591	16.7	1	6
1548 1590	16.7	1	6
1552 1586	16.7	1	6
1553 1585	16.7	1	6
1554 1584	16.7	1	6
1555 1583	16.7	1	6
1556 1582	16.7	1	6
1557 1581	16.7	1	6
1559 1579	16.7	1	6
1560 1578	16.7	1	6
1561 1577	16.7	1	6
1562 1576	16.7	1	6
1563 1575	16.7	1	6
1564 1574	16.7	1	6
1798 1835	16.7	1	6
1799 1834	16.7	1	6
1800 1833	16.7	1	6
1801 1832	16.7	1	6
1802 1831	16.7	1	6
1803 1830	16.7	1	6
1804 1829	16.7	1	6
1810 1828	16.7	1	6
1811 1827	16.7	1	6
1812 1826	16.7	1	6
1813 1825	16.7	1	6
1815 1824	16.7	1	6
1816 1823	16.7	1	6
1850 1869	16.7	1	6
1851 1868	16.7	1	6
1853 1866	16.7	1	6
2294 2354	16.7	1	6
2295 2353	16.7	1	6
2296 2352	16.7	1	6
2297 2351	16.7	1	6
2298 2350	16.7	1	6
2299 2349	16.7	1	6
2300 2348	16.7	1	6
2301 2347	16.7	1	6
2302 2346	16.7	1	6
2304 2344	16.7	1	6
2305 2343	16.7	1	6
2306 2342	16.7	1	6
2307 2341	16.7	1	6
2308 2340	16.7	1	6
2309 2339	16.7	1	6
2310 2338	16.7	1	6
2312 2337	16.7	1	6
2313 2336	16.7	1	6
2314 2335	16.7	1	6
2315 2334	16.7	1	6
2316 2333	16.7	1	6
2494 2563	16.7	1	6
2495 2562	16.7	1	6
2496 2561	16.7	1	6
2497 2560	16.7	1	6
2498 2559	16.7	1	6
2499 2558	16.7	1	6
2500 2557	16.7	1	6
2501 2556	16.7	1	6
2502 2555	16.7	1	6
2503 2553	16.7	1	6
2504 2552	16.7	1	6
2506 2550	16.7	1	6
2507 2549	16.7	1	6
2508 2548	16.7	1	6
2509 2547	16.7	1	6
2513 2543	16.7	1	6
2514 2542	16.7	1	6
2515 2541	16.7	1	6
2516 2540	16.7	1	6
2517 2539	16.7	1	6
2518 2538	16.7	1	6
2519 2537	16.7	1	6
2521 2536	16.7	1	6
2522 2535	16.7	1	6
2523 2534	16.7	1	6
2524 2533	16.7	1	6
2525 2532	16.7	1	6
2574 2594	16.7	1	6
2575 2593	16.7	1	6
2576 2592	16.7	1	6
2578 2591	16.7	1	6
2579 2590	16.7	1	6
2580 2589	16.7	1	6
2581 2588	16.7	1	6
2582 2587	16.7	1	6
3617 3643	16.7	1	6
3658 3682	16.7	1	6
3659 3681	16.7	1	6
3661 3675	16.7	1	6
3662 3674	16.7	1	6
3663 3673	16.7	1	6
3664 3672	16.7	1	6
3665 3671	16.7	1	6
3666 3670	16.7	1	6
3688 3735	16.7	1	6
3689 3734	16.7	1	6
3690 3733	16.7	1	6
3691 3732	16.7	1	6
3692 3731	16.7	1	6
3693 3730	16.7	1	6
3694 3729	16.7	1	6
3695 3728	16.7	1	6
3696 3727	16.7	1	6
3697 3726	16.7	1	6
3698 3725	16.7	1	6
3699 3724	16.7	1	6
3700 3723	16.7	1	6
3701 3722	16.7	1	6
3702 3721	16.7	1	6
3743 3771	16.7	1	6
3744 3770	16.7	1	6
3745 3769	16.7	1	6
3985 4095	16.7	1	6
3986 4094	16.7	1	6
3987 4093	16.7	1	6
3988 4092	16.7	1	6
3989 4091	16.7	1	6
3991 4089	16.7	1	6
3992 4088	16.7	1	6
3993 4079	16.7	1	6
3994 4078	16.7	1	6
3995 4077	16.7	1	6
3996 4076	16.7	1	6
3997 4075	16.7	1	6
3998 4074	16.7	1	6
3999 4073	16.7	1	6
4000 4072	16.7	1	6
4001 4071	16.7	1	6
4003 4067	16.7	1	6
4004 4066	16.7	1	6
4006 4064	16.7	1	6
4007 4063	16.7	1	6
4009 4061	16.7	1	6
4010 4060	16.7	1	6
4011 4059	16.7	1	6
4024 4057	16.7	1	6
4025 4056	16.7	1	6
4026 4055	16.7	1	6
4027 4054	16.7	1	6
4028 4053	16.7	1	6
4029 4052	16.7	1	6
4030 4051	16.7	1	6
4031 4050	16.7	1	6
4032 4049	16.7	1	6
4776 4859	16.7	1	6
6428 6455	16.7	1	6
6429 6454	16.7	1	6
6430 6453	16.7	1	6
6434 6448	16.7	1	6
6435 6447	16.7	1	6
6436 6446	16.7	1	6
6565 6637	16.7	1	6
6566 6636	16.7	1	6
6567 6635	16.7	1	6
6568 6634	16.7	1	6
6569 6633	16.7	1	6
6570 6632	16.7	1	6
6571 6630	16.7	1	6
6572 6629	16.7	1	6
6573 6628	16.7	1	6
6574 6627	16.7	1	6
6575 6626	16.7	1	6
6576 6625	16.7	1	6
6577 6624	16.7	1	6
6578 6623	16.7	1	6
6579 6622	16.7	1	6
6580 6621	16.7	1	6
6581 6620	16.7	1	6
6582 6619	16.7	1	6
6583 6618	16.7	1	6
6585 6617	16.7	1	6
6586 6616	16.7	1	6
6587 6615	16.7	1	6
6590 6612	16.7	1	6
6591 6611	16.7	1	6
6592 6610	16.7	1	6
6593 6609	16.7	1	6
6594 6608	16.7	1	6
6595 6607	16.7	1	6
6597 6606	16.7	1	6
6598 6605	16.7	1	6
6599 6604	16.7	1	6
6648 6664	16.7	1	6
6690 6804	16.7	1	6
6691 6803	16.7	1	6
6692 6802	16.7	1	6
6693 6801	16.7	1	6
6694 6800	16.7	1	6
7293 7344	16.7	1	6
7294 7343	16.7	1	6
7295 7342	16.7	1	6
7296 7341	16.7	1	6
7301 7340	16.7	1	6
7302 7339	16.7	1	6
7303 7338	16.7	1	6
7304 7337	16.7	1	6
7306 7336	16.7	1	6
7307 7335	16.7	1	6
7481 7490	16.7	1	6
7482 7489	16.7	1	6
7509 7528	16.7	1	6
7510 7527	16.7	1	6
7511 7526	16.7	1	6
7512 7525	16.7	1	6
7513 7524	16.7	1	6
7514 7523	16.7	1	6
7515 7522	16.7	1	6
7516 7521	16.7	1	6
7563 7635	16.7	1	6
7564 7634	16.7	1	6
7565 7632	16.7	1	6
7566 7631	16.7	1	6
7567 7630	16.7	1	6
7568 7629	16.7	1	6
7569 7628	16.7	1	6
7571 7626	16.7	1	6
7572 7625	16.7	1	6
7574 7622	16.7	1	6
7575 7621	16.7	1	6
7579 7617	16.7	1	6
7580 7616	16.7	1	6
7582 7614	16.7	1	6
7583 7613	16.7	1	6
7584 7612	16.7	1	6
7585 7611	16.7	1	6
7588 7610	16.7	1	6
7589 7609	16.7	1	6
7590 7608	16.7	1	6
7592 7607	16.7	1	6
7593 7606	16.7	1	6
7594 7605	16.7	1	6
7595 7604	16.7	1	6
7596 7603	16.7	1	6
7597 7602	16.7	1	6
8227 8262	16.7	1	6
8228 8261	16.7	1	6
8229 8260	16.7	1	6
8232 8257	16.7	1	6
8233 8256	16.7	1	6
8236 8253	16.7	1	6
8237 8252	16.7	1	6
8238 8251	16.7	1	6
8239 8250	16.7	1	6
10181 10139	16.7	1	6
10180 10140	16.7	1	6
10176 10141	16.7	1	6
10175 10142	16.7	1	6
10174 10143	16.7	1	6
10173 10144	16.7	1	6
10193 10084	16.7	1	6
10195 10083	16.7	1	6
10196 10082	16.7	1	6
10197 10081	16.7	1	6
10198 10080	16.7	1	6
58 84	16.7	1	6
59 83	16.7	1	6
60 82	16.7	1	6
61 81	16.7	1	6
62 80	16.7	1	6
66 78	16.7	1	6
67 77	16.7	1	6
68 76	16.7	1	6
69 75	16.7	1	6
70 74	16.7	1	6
88 139	16.7	1	6
89 138	16.7	1	6
94 134	16.7	1	6
95 133	16.7	1	6
3091 3103	16.7	1	6
3092 3102	16.7	1	6
3093 3101	16.7	1	6
3094 3100	16.7	1	6
3095 3099	16.7	1	6
3107 3138	16.7	1	6
3108 3137	16.7	1	6
3109 3136	16.7	1	6
3111 3135	16.7	1	6
3112 3134	16.7	1	6
3113 3133	16.7	1	6
3114 3132	16.7	1	6
3115 3130	16.7	1	6
3116 3129	16.7	1	6
3117 3128	16.7	1	6
3118 3127	16.7	1	6
3119 3126	16.7	1	6
3150 3207	16.7	1	6
3153 3204	16.7	1	6
3154 3203	16.7	1	6
3155 3202	16.7	1	6
3156 3201	16.7	1	6
3157 3200	16.7	1	6
3158 3199	16.7	1	6
3159 3198	16.7	1	6
3168 3187	16.7	1	6
3169 3186	16.7	1	6
3170 3185	16.7	1	6
3171 3184	16.7	1	6
3172 3183	16.7	1	6
3525 3547	16.7	1	6
3526 3546	16.7	1	6
3548 3612	16.7	1	6
3549 3611	16.7	1	6
3550 3610	16.7	1	6
3551 3609	16.7	1	6
3552 3608	16.7	1	6
3556 3604	16.7	1	6
3557 3603	16.7	1	6
3558 3602	16.7	1	6
3559 3601	16.7	1	6
3560 3600	16.7	1	6
3566 3594	16.7	1	6
3567 3593	16.7	1	6
3568 3592	16.7	1	6
3569 3591	16.7	1	6
3678 3687	16.7	1	6
3679 3686	16.7	1	6
3680 3685	16.7	1	6
3731 3793	16.7	1	6
3732 3792	16.7	1	6
3733 3791	16.7	1	6
3734 3789	16.7	1	6
3735 3788	16.7	1	6
3736 3787	16.7	1	6
3737 3786	16.7	1	6
3738 3785	16.7	1	6
3739 3784	16.7	1	6
3740 3783	16.7	1	6
3741 3782	16.7	1	6
3742 3781	16.7	1	6
3743 3780	16.7	1	6
3747 3778	16.7	1	6
3748 3777	16.7	1	6
3749 3776	16.7	1	6
3751 3774	16.7	1	6
3752 3773	16.7	1	6
3753 3772	16.7	1	6
3755 3770	16.7	1	6
3756 3769	16.7	1	6
3757 3768	16.7	1	6
3758 3767	16.7	1	6
3759 3766	16.7	1	6
3794 3813	16.7	1	6
3799 3808	16.7	1	6
3982 4052	16.7	1	6
3983 4051	16.7	1	6
3984 4050	16.7	1	6
3987 4043	16.7	1	6
3988 4042	16.7	1	6
3989 4041	16.7	1	6
3990 4040	16.7	1	6
3991 4039	16.7	1	6
3992 4038	16.7	1	6
3993 4037	16.7	1	6
3994 4036	16.7	1	6
3995 4035	16.7	1	6
3996 4033	16.7	1	6
3997 4032	16.7	1	6
3998 4031	16.7	1	6
3999 4030	16.7	1	6
4000 4029	16.7	1	6
4246 4290	16.7	1	6
4247 4289	16.7	1	6
4248 4288	16.7	1	6
5344 5435	16.7	1	6
5345 5434	16.7	1	6
5346 5433	16.7	1	6
5347 5432	16.7	1	6
5348 5431	16.7	1	6
5349 5430	16.7	1	6
5350 5429	16.7	1	6
5351 5428	16.7	1	6
5352 5427	16.7	1	6
5353 5426	16.7	1	6
5355 5425	16.7	1	6
5356 5424	16.7	1	6
5357 5423	16.7	1	6
5358 5422	16.7	1	6
5359 5421	16.7	1	6
5364 5417	16.7	1	6
5365 5416	16.7	1	6
5366 5415	16.7	1	6
5367 5414	16.7	1	6
5369 5410	16.7	1	6
5370 5409	16.7	1	6
5371 5408	16.7	1	6
5506 5547	16.7	1	6
6542 6648	16.7	1	6
6543 6647	16.7	1	6
6544 6646	16.7	1	6
6559 6637	16.7	1	6
6560 6636	16.7	1	6
6561 6635	16.7	1	6
6562 6634	16.7	1	6
6563 6633	16.7	1	6
6564 6632	16.7	1	6
6565 6631	16.7	1	6
6566 6630	16.7	1	6
6567 6629	16.7	1	6
6568 6628	16.7	1	6
6569 6627	16.7	1	6
6570 6626	16.7	1	6
6571 6625	16.7	1	6
6572 6624	16.7	1	6
6573 6623	16.7	1	6
6576 6620	16.7	1	6
6577 6619	16.7	1	6
6578 6618	16.7	1	6
6579 6617	16.7	1	6
6582 6614	16.7	1	6
6583 6613	16.7	1	6
6584 6612	16.7	1	6
6585 6611	16.7	1	6
6586 6610	16.7	1	6
6809 6866	16.7	1	6
6810 6865	16.7	1	6
6811 6864	16.7	1	6
6812 6863	16.7	1	6
6814 6861	16.7	1	6
6815 6860	16.7	1	6
6816 6859	16.7	1	6
6817 6858	16.7	1	6
6820 6854	16.7	1	6
6821 6853	16.7	1	6
7413 7436	16.7	1	6
7414 7435	16.7	1	6
7415 7434	16.7	1	6
7416 7433	16.7	1	6
7417 7432	16.7	1	6
7418 7431	16.7	1	6
7421 7430	16.7	1	6
7422 7429	16.7	1	6
7440 7457	16.7	1	6
7441 7456	16.7	1	6
7442 7455	16.7	1	6
7443 7454	16.7	1	6
7444 7453	16.7	1	6
7445 7452	16.7	1	6
7446 7451	16.7	1	6
7465 7480	16.7	1	6
7466 7479	16.7	1	6
7467 7478	16.7	1	6
7481 7497	16.7	1	6
7482 7496	16.7	1	6
7483 7495	16.7	1	6
7484 7494	16.7	1	6
7485 7493	16.7	1	6
7486 7492	16.7	1	6
7499 7530	16.7	1	6
7500 7529	16.7	1	6
7501 7528	16.7	1	6
7502 7527	16.7	1	6
7503 7526	16.7	1	6
7505 7525	16.7	1	6
7506 7524	16.7	1	6
7507 7523	16.7	1	6
7510 7521	16.7	1	6
7511 7520	16.7	1	6
7512 7519	16.7	1	6
7534 7562	16.7	1	6
7535 7561	16.7	1	6
7536 7560	16.7	1	6
7537 7559	16.7	1	6
7538 7558	16.7	1	6
7539 7557	16.7	1	6
7543 7554	16.7	1	6
7544 7553	16.7	1	6
7545 7552	16.7	1	6
7546 7551	16.7	1	6
8250 8316	16.7	1	6
8253 8313	16.7	1	6
8265 8310	16.7	1	6
8266 8309	16.7	1	6
8267 8308	16.7	1	6
8268 8307	16.7	1	6
8270 8305	16.7	1	6
8271 8304	16.7	1	6
8272 8303	16.7	1	6
8273 8302	16.7	1	6
8274 8301	16.7	1	6
8276 8299	16.7	1	6
8277 8298	16.7	1	6
8278 8297	16.7	1	6
8279 8296	16.7	1	6
8280 8295	16.7	1	6
8281 8294	16.7	1	6
8653 8729	16.7	1	6
8654 8728	16.7	1	6
8655 8727	16.7	1	6
8656 8726	16.7	1	6
8658 8724	16.7	1	6
8659 8723	16.7	1	6
8660 8722	16.7	1	6
8661 8721	16.7	1	6
8662 8720	16.7	1	6
8663 8719	16.7	1	6
8664 8718	16.7	1	6
8665 8717	16.7	1	6
8666 8716	16.7	1	6
8672 8689	16.7	1	6
8673 8688	16.7	1	6
8674 8687	16.7	1	6
8675 8686	16.7	1	6
8693 8708	16.7	1	6
8694 8707	16.7	1	6
8695 8706	16.7	1	6
8696 8705	16.7	1	6
8839 8916	16.7	1	6
8840 8915	16.7	1	6
8841 8914	16.7	1	6
8845 8911	16.7	1	6
8846 8910	16.7	1	6
8847 8909	16.7	1	6
8848 8908	16.7	1	6
8849 8907	16.7	1	6
8850 8906	16.7	1	6
8851 8905	16.7	1	6
8867 8890	16.7	1	6
8868 8889	16.7	1	6
8869 8888	16.7	1	6
9542 9558	16.7	1	6
9543 9557	16.7	1	6
9544 9556	16.7	1	6
9545 9555	16.7	1	6
9546 9554	16.7	1	6
9547 9553	16.7	1	6
9559 9592	16.7	1	6
9560 9591	16.7	1	6
9561 9590	16.7	1	6
9566 9589	16.7	1	6
9567 9588	16.7	1	6
9568 9587	16.7	1	6
9569 9586	16.7	1	6
9570 9585	16.7	1	6
9571 9584	16.7	1	6
9572 9583	16.7	1	6
9573 9582	16.7	1	6
9608 9631	16.7	1	6
9609 9630	16.7	1	6
9610 9629	16.7	1	6
9611 9628	16.7	1	6
9612 9627	16.7	1	6
9613 9626	16.7	1	6
9614 9625	16.7	1	6
10086 10014	16.7	1	6
10085 10015	16.7	1	6
10016 10084	16.7	1	6
10017 10083	16.7	1	6
10018 10082	16.7	1	6
10019 10081	16.7	1	6
10022 10063	16.7	1	6
10023 10062	16.7	1	6
10024 10061	16.7	1	6
10025 10060	16.7	1	6
10029 10056	16.7	1	6
10030 10055	16.7	1	6
10031 10054	16.7	1	6
10032 10053	16.7	1	6
10033 10052	16.7	1	6
10037 10047	16.7	1	6
10038 10046	16.7	1	6
10039 10045	16.7	1	6
10128 10087	16.7	1	6
5 103	16.7	1	6
6 102	16.7	1	6
7 101	16.7	1	6
8 100	16.7	1	6
27 89	16.7	1	6
28 88	16.7	1	6
29 87	16.7	1	6
30 86	16.7	1	6
31 85	16.7	1	6
32 84	16.7	1	6
33 83	16.7	1	6
38 80	16.7	1	6
39 79	16.7	1	6
42 76	16.7	1	6
43 75	16.7	1	6
44 74	16.7	1	6
45 73	16.7	1	6
52 72	16.7	1	6
55 69	16.7	1	6
56 68	16.7	1	6
57 67	16.7	1	6
104 148	16.7	1	6
105 147	16.7	1	6
106 146	16.7	1	6
107 145	16.7	1	6
108 144	16.7	1	6
115 141	16.7	1	6
116 140	16.7	1	6
117 139	16.7	1	6
118 138	16.7	1	6
119 137	16.7	1	6
123 135	16.7	1	6
124 134	16.7	1	6
125 133	16.7	1	6
126 132	16.7	1	6
243 350	16.7	1	6
249 345	16.7	1	6
252 342	16.7	1	6
253 341	16.7	1	6
254 340	16.7	1	6
255 339	16.7	1	6
256 338	16.7	1	6
257 337	16.7	1	6
258 336	16.7	1	6
259 335	16.7	1	6
260 334	16.7	1	6
261 333	16.7	1	6
267 329	16.7	1	6
268 328	16.7	1	6
269 327	16.7	1	6
270 326	16.7	1	6
1902 1941	16.7	1	6
1916 1934	16.7	1	6
1917 1933	16.7	1	6
1918 1932	16.7	1	6
1919 1931	16.7	1	6
1920 1929	16.7	1	6
1921 1928	16.7	1	6
1922 1927	16.7	1	6
1945 2012	16.7	1	6
1946 2011	16.7	1	6
1947 2010	16.7	1	6
1950 2007	16.7	1	6
1951 2006	16.7	1	6
1952 2005	16.7	1	6
1953 2004	16.7	1	6
1954 2003	16.7	1	6
1955 2002	16.7	1	6
1956 2001	16.7	1	6
1957 1986	16.7	1	6
1958 1985	16.7	1	6
1959 1984	16.7	1	6
1960 1983	16.7	1	6
1961 1982	16.7	1	6
1962 1981	16.7	1	6
1964 1979	16.7	1	6
1965 1978	16.7	1	6
1966 1977	16.7	1	6
1967 1976	16.7	1	6
1968 1975	16.7	1	6
1969 1974	16.7	1	6
2081 2166	16.7	1	6
2082 2165	16.7	1	6
2083 2164	16.7	1	6
2084 2163	16.7	1	6
2085 2162	16.7	1	6
2086 2161	16.7	1	6
2087 2160	16.7	1	6
2088 2159	16.7	1	6
2089 2158	16.7	1	6
2094 2154	16.7	1	6
2095 2153	16.7	1	6
2096 2152	16.7	1	6
2097 2151	16.7	1	6
2101 2148	16.7	1	6
2102 2147	16.7	1	6
2103 2146	16.7	1	6
2107 2141	16.7	1	6
2108 2140	16.7	1	6
2109 2139	16.7	1	6
2110 2138	16.7	1	6
2111 2137	16.7	1	6
2116 2132	16.7	1	6
2117 2131	16.7	1	6
2118 2130	16.7	1	6
2119 2129	16.7	1	6
4023 4130	16.7	1	6
4026 4040	16.7	1	6
4027 4039	16.7	1	6
4028 4038	16.7	1	6
4041 4108	16.7	1	6
4042 4107	16.7	1	6
4043 4106	16.7	1	6
4044 4105	16.7	1	6
4045 4104	16.7	1	6
4046 4103	16.7	1	6
4052 4102	16.7	1	6
4053 4101	16.7	1	6
4054 4100	16.7	1	6
4055 4099	16.7	1	6
4056 4098	16.7	1	6
4057 4097	16.7	1	6
4207 4256	16.7	1	6
4449 4545	16.7	1	6
4450 4544	16.7	1	6
4451 4543	16.7	1	6
4452 4542	16.7	1	6
4453 4541	16.7	1	6
4454 4540	16.7	1	6
4455 4539	16.7	1	6
4456 4538	16.7	1	6
4457 4537	16.7	1	6
4458 4536	16.7	1	6
4459 4535	16.7	1	6
4460 4534	16.7	1	6
4648 4707	16.7	1	6
4649 4706	16.7	1	6
4650 4705	16.7	1	6
4651 4704	16.7	1	6
4652 4703	16.7	1	6
4653 4702	16.7	1	6
4656 4699	16.7	1	6
4657 4698	16.7	1	6
4658 4697	16.7	1	6
4659 4696	16.7	1	6
4661 4694	16.7	1	6
4662 4693	16.7	1	6
4663 4692	16.7	1	6
4665 4690	16.7	1	6
4666 4689	16.7	1	6
4667 4688	16.7	1	6
4668 4687	16.7	1	6
4669 4686	16.7	1	6
4670 4685	16.7	1	6
4671 4684	16.7	1	6
4672 4683	16.7	1	6
4673 4682	16.7	1	6
4674 4681	16.7	1	6
4708 4719	16.7	1	6
4709 4718	16.7	1	6
4710 4717	16.7	1	6
4723 4754	16.7	1	6
4725 4752	16.7	1	6
4726 4751	16.7	1	6
4727 4749	16.7	1	6
4732 4743	16.7	1	6
4733 4742	16.7	1	6
4734 4741	16.7	1	6
4735 4740	16.7	1	6
6452 6545	16.7	1	6
6453 6544	16.7	1	6
6454 6543	16.7	1	6
6455 6542	16.7	1	6
6456 6541	16.7	1	6
6457 6540	16.7	1	6
6458 6539	16.7	1	6
6459 6538	16.7	1	6
6465 6537	16.7	1	6
6466 6536	16.7	1	6
6467 6535	16.7	1	6
6468 6534	16.7	1	6
6469 6533	16.7	1	6
6476 6532	16.7	1	6
6477 6531	16.7	1	6
6478 6530	16.7	1	6
6479 6529	16.7	1	6
6480 6528	16.7	1	6
6481 6527	16.7	1	6
6482 6526	16.7	1	6
6486 6525	16.7	1	6
6487 6524	16.7	1	6
6488 6523	16.7	1	6
6489 6522	16.7	1	6
7381 7402	16.7	1	6
7382 7401	16.7	1	6
7383 7400	16.7	1	6
7384 7399	16.7	1	6
7385 7394	16.7	1	6
7386 7393	16.7	1	6
7403 7491	16.7	1	6
7404 7490	16.7	1	6
7408 7488	16.7	1	6
7409 7487	16.7	1	6
7410 7486	16.7	1	6
7411 7485	16.7	1	6
7412 7484	16.7	1	6
7413 7483	16.7	1	6
7414 7481	16.7	1	6
7415 7480	16.7	1	6
7416 7478	16.7	1	6
7417 7477	16.7	1	6
7418 7476	16.7	1	6
7419 7475	16.7	1	6
7420 7474	16.7	1	6
7424 7470	16.7	1	6
7425 7469	16.7	1	6
7426 7468	16.7	1	6
7428 7467	16.7	1	6
7429 7466	16.7	1	6
7430 7465	16.7	1	6
7431 7464	16.7	1	6
7432 7463	16.7	1	6
7433 7462	16.7	1	6
7434 7461	16.7	1	6
7435 7460	16.7	1	6
7436 7459	16.7	1	6
7437 7458	16.7	1	6
7438 7457	16.7	1	6
7439 7456	16.7	1	6
7441 7455	16.7	1	6
7442 7454	16.7	1	6
7443 7453	16.7	1	6
7444 7452	16.7	1	6
7738 7849	16.7	1	6
7739 7848	16.7	1	6
8654 8706	16.7	1	6
8655 8705	16.7	1	6
8656 8704	16.7	1	6
8657 8703	16.7	1	6
8659 8699	16.7	1	6
8660 8698	16.7	1	6
8661 8697	16.7	1	6
8662 8696	16.7	1	6
8663 8695	16.7	1	6
8713 8735	16.7	1	6
8714 8734	16.7	1	6
8715 8733	16.7	1	6
8716 8732	16.7	1	6
8717 8731	16.7	1	6
8718 8730	16.7	1	6
8719 8729	16.7	1	6
8720 8728	16.7	1	6
8721 8727	16.7	1	6
559 661	16.7	1	6
1143 1219	16.7	1	6
1144 1218	16.7	1	6
1145 1217	16.7	1	6
1146 1216	16.7	1	6
1147 1215	16.7	1	6
1148 1214	16.7	1	6
1149 1213	16.7	1	6
1151 1170	16.7	1	6
1152 1169	16.7	1	6
1153 1168	16.7	1	6
1154 1167	16.7	1	6
1156 1165	16.7	1	6
1157 1164	16.7	1	6
1158 1163	16.7	1	6
2430 2518	16.7	1	6
2431 2517	16.7	1	6
2432 2516	16.7	1	6
2433 2515	16.7	1	6
2434 2514	16.7	1	6
2435 2513	16.7	1	6
2436 2512	16.7	1	6
2472 2509	16.7	1	6
2473 2508	16.7	1	6
2474 2507	16.7	1	6
3107 3207	16.7	1	6
3108 3206	16.7	1	6
3596 3604	16.7	1	6
3615 3670	16.7	1	6
3616 3669	16.7	1	6
3617 3668	16.7	1	6
3619 3666	16.7	1	6
3620 3665	16.7	1	6
3621 3664	16.7	1	6
3622 3663	16.7	1	6
3623 3662	16.7	1	6
3624 3661	16.7	1	6
3625 3658	16.7	1	6
3626 3657	16.7	1	6
3627 3656	16.7	1	6
3628 3655	16.7	1	6
3629 3654	16.7	1	6
3630 3653	16.7	1	6
3631 3651	16.7	1	6
3632 3650	16.7	1	6
3635 3648	16.7	1	6
3636 3647	16.7	1	6
3637 3646	16.7	1	6
3638 3645	16.7	1	6
3639 3644	16.7	1	6
3671 3706	16.7	1	6
3672 3705	16.7	1	6
3673 3704	16.7	1	6
3674 3703	16.7	1	6
3675 3702	16.7	1	6
3676 3701	16.7	1	6
3677 3700	16.7	1	6
3678 3699	16.7	1	6
3680 3697	16.7	1	6
3681 3696	16.7	1	6
3682 3695	16.7	1	6
3683 3694	16.7	1	6
3684 3693	16.7	1	6
3709 3721	16.7	1	6
3710 3720	16.7	1	6
3711 3719	16.7	1	6
3712 3718	16.7	1	6
3713 3717	16.7	1	6
4462 4494	16.7	1	6
4463 4493	16.7	1	6
4464 4492	16.7	1	6
4465 4491	16.7	1	6
4466 4490	16.7	1	6
4467 4489	16.7	1	6
6092 6099	16.7	1	6
6101 6211	16.7	1	6
6105 6205	16.7	1	6
6106 6204	16.7	1	6
6107 6203	16.7	1	6
6110 6201	16.7	1	6
6111 6200	16.7	1	6
6112 6199	16.7	1	6
6113 6198	16.7	1	6
6114 6197	16.7	1	6
6115 6196	16.7	1	6
6116 6195	16.7	1	6
6117 6194	16.7	1	6
6122 6190	16.7	1	6
6123 6189	16.7	1	6
6124 6188	16.7	1	6
7869 7878	16.7	1	6
7870 7877	16.7	1	6
8791 8883	16.7	1	6
8792 8882	16.7	1	6
8793 8881	16.7	1	6
8796 8821	16.7	1	6
8824 8877	16.7	1	6
8825 8876	16.7	1	6
8826 8875	16.7	1	6
8827 8874	16.7	1	6
8828 8873	16.7	1	6
8829 8872	16.7	1	6
8830 8871	16.7	1	6
9245 9340	16.7	1	6
9247 9338	16.7	1	6
9248 9337	16.7	1	6
9250 9335	16.7	1	6
9251 9334	16.7	1	6
9252 9333	16.7	1	6
9253 9331	16.7	1	6
9254 9330	16.7	1	6
9991 10061	16.7	1	6
9992 10060	16.7	1	6
9993 10059	16.7	1	6
9994 10058	16.7	1	6
9995 10057	16.7	1	6
9996 10056	16.7	1	6
9997 10055	16.7	1	6
9998 10054	16.7	1	6
9999 10053	16.7	1	6
10002 10018	16.7	1	6
10003 10017	16.7	1	6
10202 10085	16.7	1	6
10204 10083	16.7	1	6
2 16	16.7	1	6
3 15	16.7	1	6
4 14	16.7	1	6
12 136	16.7	1	6
13 135	16.7	1	6
23 66	16.7	1	6
24 65	16.7	1	6
25 64	16.7	1	6
27 59	16.7	1	6
28 58	16.7	1	6
29 57	16.7	1	6
30 56	16.7	1	6
31 55	16.7	1	6
32 54	16.7	1	6
33 53	16.7	1	6
34 52	16.7	1	6
35 42	16.7	1	6
36 41	16.7	1	6
67 91	16.7	1	6
68 90	16.7	1	6
69 89	16.7	1	6
70 88	16.7	1	6
71 87	16.7	1	6
95 124	16.7	1	6
96 123	16.7	1	6
97 122	16.7	1	6
98 121	16.7	1	6
99 120	16.7	1	6
100 119	16.7	1	6
101 118	16.7	1	6
102 117	16.7	1	6
103 116	16.7	1	6
104 115	16.7	1	6
105 114	16.7	1	6
106 113	16.7	1	6
189 304	16.7	1	6
194 301	16.7	1	6
195 300	16.7	1	6
196 299	16.7	1	6
197 298	16.7	1	6
198 297	16.7	1	6
199 295	16.7	1	6
200 294	16.7	1	6
201 293	16.7	1	6
202 292	16.7	1	6
794 889	16.7	1	6
795 888	16.7	1	6
796 887	16.7	1	6
797 886	16.7	1	6
798 884	16.7	1	6
800 882	16.7	1	6
801 881	16.7	1	6
802 880	16.7	1	6
804 878	16.7	1	6
805 877	16.7	1	6
806 876	16.7	1	6
807 875	16.7	1	6
808 874	16.7	1	6
809 873	16.7	1	6
810 872	16.7	1	6
812 857	16.7	1	6
813 856	16.7	1	6
814 855	16.7	1	6
815 854	16.7	1	6
816 853	16.7	1	6
820 851	16.7	1	6
1813 1922	16.7	1	6
1814 1921	16.7	1	6
1815 1920	16.7	1	6
1816 1919	16.7	1	6
1817 1918	16.7	1	6
1818 1917	16.7	1	6
1819 1916	16.7	1	6
1821 1915	16.7	1	6
1822 1914	16.7	1	6
1823 1913	16.7	1	6
1824 1912	16.7	1	6
1825 1911	16.7	1	6
2352 2444	16.7	1	6
2353 2443	16.7	1	6
2355 2441	16.7	1	6
2356 2440	16.7	1	6
2357 2439	16.7	1	6
2358 2434	16.7	1	6
2359 2433	16.7	1	6
2360 2432	16.7	1	6
2361 2431	16.7	1	6
2363 2429	16.7	1	6
2364 2428	16.7	1	6
2365 2427	16.7	1	6
2366 2426	16.7	1	6
2877 2987	16.7	1	6
2879 2985	16.7	1	6
2880 2984	16.7	1	6
2883 2980	16.7	1	6
2884 2979	16.7	1	6
2885 2978	16.7	1	6
2886 2977	16.7	1	6
4318 4372	16.7	1	6
4319 4371	16.7	1	6
4320 4370	16.7	1	6
4321 4369	16.7	1	6
4323 4367	16.7	1	6
4324 4366	16.7	1	6
4326 4365	16.7	1	6
4327 4364	16.7	1	6
4328 4363	16.7	1	6
4329 4362	16.7	1	6
4330 4361	16.7	1	6
4331 4360	16.7	1	6
4332 4359	16.7	1	6
4333 4357	16.7	1	6
4334 4356	16.7	1	6
4335 4355	16.7	1	6
4336 4354	16.7	1	6
4337 4353	16.7	1	6
4338 4352	16.7	1	6
4340 4350	16.7	1	6
4341 4349	16.7	1	6
4342 4348	16.7	1	6
4343 4347	16.7	1	6
4821 4862	16.7	1	6
4823 4860	16.7	1	6
4824 4859	16.7	1	6
4828 4853	16.7	1	6
4829 4852	16.7	1	6
4830 4851	16.7	1	6
4831 4850	16.7	1	6
4832 4849	16.7	1	6
4833 4848	16.7	1	6
4835 4845	16.7	1	6
4836 4844	16.7	1	6
4837 4843	16.7	1	6
4838 4842	16.7	1	6
4867 4935	16.7	1	6
4868 4934	16.7	1	6
4869 4933	16.7	1	6
4870 4932	16.7	1	6
4871 4931	16.7	1	6
4872 4930	16.7	1	6
4873 4929	16.7	1	6
4874 4928	16.7	1	6
4876 4926	16.7	1	6
4877 4925	16.7	1	6
4878 4924	16.7	1	6
4879 4923	16.7	1	6
4880 4922	16.7	1	6
4881 4921	16.7	1	6
4882 4918	16.7	1	6
4883 4917	16.7	1	6
4884 4916	16.7	1	6
4885 4915	16.7	1	6
4886 4914	16.7	1	6
4887 4913	16.7	1	6
4889 4911	16.7	1	6
4895 4905	16.7	1	6
4896 4904	16.7	1	6
4897 4903	16.7	1	6
5980 6064	16.7	1	6
5981 6063	16.7	1	6
5982 6062	16.7	1	6
5983 6061	16.7	1	6
5984 6060	16.7	1	6
5985 6059	16.7	1	6
5986 6058	16.7	1	6
5987 6057	16.7	1	6
5988 6056	16.7	1	6
5989 6055	16.7	1	6
5990 6053	16.7	1	6
5991 6052	16.7	1	6
5992 6051	16.7	1	6
5993 6050	16.7	1	6
5994 6049	16.7	1	6
5996 6047	16.7	1	6
5997 6046	16.7	1	6
5998 6045	16.7	1	6
5999 6044	16.7	1	6
6000 6043	16.7	1	6
6005 6036	16.7	1	6
6006 6035	16.7	1	6
6007 6034	16.7	1	6
6008 6033	16.7	1	6
6009 6032	16.7	1	6
6010 6031	16.7	1	6
6011 6030	16.7	1	6
6012 6029	16.7	1	6
6013 6028	16.7	1	6
6014 6026	16.7	1	6
6015 6025	16.7	1	6
6467 6486	16.7	1	6
6468 6485	16.7	1	6
6469 6484	16.7	1	6
6470 6483	16.7	1	6
6471 6482	16.7	1	6
6472 6481	16.7	1	6
6473 6480	16.7	1	6
6493 6573	16.7	1	6
6494 6572	16.7	1	6
6495 6571	16.7	1	6
6497 6569	16.7	1	6
6498 6566	16.7	1	6
6499 6565	16.7	1	6
6500 6564	16.7	1	6
6501 6562	16.7	1	6
6502 6561	16.7	1	6
6503 6560	16.7	1	6
6505 6559	16.7	1	6
6506 6558	16.7	1	6
6507 6557	16.7	1	6
6508 6556	16.7	1	6
6509 6555	16.7	1	6
6510 6554	16.7	1	6
6511 6553	16.7	1	6
6515 6551	16.7	1	6
6516 6550	16.7	1	6
6519 6547	16.7	1	6
6520 6546	16.7	1	6
6521 6545	16.7	1	6
6522 6544	16.7	1	6
6523 6543	16.7	1	6
6524 6541	16.7	1	6
6525 6540	16.7	1	6
6526 6539	16.7	1	6
6527 6538	16.7	1	6
6528 6537	16.7	1	6
6529 6536	16.7	1	6
6530 6535	16.7	1	6
6592 6602	16.7	1	6
6593 6601	16.7	1	6
6594 6600	16.7	1	6
6595 6599	16.7	1	6
7050 7151	16.7	1	6
7051 7150	16.7	1	6
7052 7149	16.7	1	6
7053 7148	16.7	1	6
7106 7143	16.7	1	6
7107 7142	16.7	1	6
7108 7141	16.7	1	6
7109 7140	16.7	1	6
7516 7610	16.7	1	6
7517 7609	16.7	1	6
7518 7608	16.7	1	6
7519 7607	16.7	1	6
7520 7606	16.7	1	6
7521 7605	16.7	1	6
7522 7604	16.7	1	6
7527 7600	16.7	1	6
7528 7599	16.7	1	6
7529 7598	16.7	1	6
7569 7583	16.7	1	6
8915 8942	16.7	1	6
8916 8941	16.7	1	6
8917 8940	16.7	1	6
8918 8939	16.7	1	6
8919 8938	16.7	1	6
9581 9634	16.7	1	6
9582 9633	16.7	1	6
9584 9631	16.7	1	6
9585 9630	16.7	1	6
9592 9624	16.7	1	6
9593 9622	16.7	1	6
9594 9621	16.7	1	6
9595 9620	16.7	1	6
9596 9619	16.7	1	6
9597 9618	16.7	1	6
9598 9616	16.7	1	6
9600 9614	16.7	1	6
9601 9613	16.7	1	6
9602 9612	16.7	1	6
