125 135	50.0	1	2
126 134	50.0	1	2
127 133	50.0	1	2
128 132	50.0	1	2
136 234	50.0	1	2
137 233	50.0	1	2
138 232	50.0	1	2
139 231	50.0	1	2
140 230	50.0	1	2
142 227	50.0	1	2
143 226	50.0	1	2
144 225	50.0	1	2
145 224	50.0	1	2
146 168	50.0	1	2
147 167	50.0	1	2
149 165	50.0	1	2
150 164	50.0	1	2
151 163	50.0	1	2
152 162	50.0	1	2
153 161	50.0	1	2
154 160	50.0	1	2
155 159	50.0	1	2
187 229	50.0	1	2
188 228	50.0	1	2
197 222	50.0	1	2
198 221	50.0	1	2
201 218	50.0	1	2
202 217	50.0	1	2
203 216	50.0	1	2
204 215	50.0	1	2
205 214	50.0	1	2
206 213	50.0	1	2
238 293	50.0	1	2
239 292	50.0	1	2
241 290	50.0	1	2
242 289	50.0	1	2
243 288	50.0	1	2
244 287	50.0	1	2
247 284	50.0	1	2
248 283	50.0	1	2
249 282	50.0	1	2
250 281	50.0	1	2
252 279	50.0	1	2
253 278	50.0	1	2
254 277	50.0	1	2
255 276	50.0	1	2
257 275	50.0	1	2
258 274	50.0	1	2
259 273	50.0	1	2
301 341	50.0	1	2
302 340	50.0	1	2
303 339	50.0	1	2
304 338	50.0	1	2
305 337	50.0	1	2
306 336	50.0	1	2
307 335	50.0	1	2
310 334	50.0	1	2
311 333	50.0	1	2
312 332	50.0	1	2
313 331	50.0	1	2
314 330	50.0	1	2
315 329	50.0	1	2
317 327	50.0	1	2
318 326	50.0	1	2
319 325	50.0	1	2
452 527	50.0	1	2
453 526	50.0	1	2
454 525	50.0	1	2
455 524	50.0	1	2
456 523	50.0	1	2
457 522	50.0	1	2
458 521	50.0	1	2
459 520	50.0	1	2
460 519	50.0	1	2
463 516	50.0	1	2
464 515	50.0	1	2
465 495	50.0	1	2
466 494	50.0	1	2
467 493	50.0	1	2
468 492	50.0	1	2
469 491	50.0	1	2
470 490	50.0	1	2
471 489	50.0	1	2
475 486	50.0	1	2
476 485	50.0	1	2
477 484	50.0	1	2
478 483	50.0	1	2
496 507	50.0	1	2
497 506	50.0	1	2
498 505	50.0	1	2
499 504	50.0	1	2
586 594	50.0	1	2
742 832	50.0	1	2
743 831	50.0	1	2
744 830	50.0	1	2
745 829	50.0	1	2
746 828	50.0	1	2
748 826	50.0	1	2
749 825	50.0	1	2
752 821	50.0	1	2
753 820	50.0	1	2
754 819	50.0	1	2
755 818	50.0	1	2
756 817	50.0	1	2
919 1035	50.0	1	2
920 1034	50.0	1	2
921 1033	50.0	1	2
922 1032	50.0	1	2
923 1031	50.0	1	2
925 1029	50.0	1	2
926 1028	50.0	1	2
927 1027	50.0	1	2
928 1026	50.0	1	2
929 1025	50.0	1	2
930 1024	50.0	1	2
1103 1207	50.0	1	2
1107 1202	50.0	1	2
1359 1376	50.0	1	2
1360 1375	50.0	1	2
1361 1374	50.0	1	2
1362 1373	50.0	1	2
1363 1372	50.0	1	2
1364 1371	50.0	1	2
1365 1370	50.0	1	2
1383 1408	50.0	1	2
1385 1406	50.0	1	2
1386 1405	50.0	1	2
1387 1399	50.0	1	2
1388 1398	50.0	1	2
1389 1397	50.0	1	2
1390 1396	50.0	1	2
1415 1468	50.0	1	2
1416 1467	50.0	1	2
1417 1466	50.0	1	2
1418 1465	50.0	1	2
1419 1464	50.0	1	2
1420 1462	50.0	1	2
1421 1461	50.0	1	2
1422 1460	50.0	1	2
1428 1454	50.0	1	2
1429 1453	50.0	1	2
1430 1452	50.0	1	2
1431 1451	50.0	1	2
1432 1450	50.0	1	2
1433 1449	50.0	1	2
1435 1448	50.0	1	2
1436 1447	50.0	1	2
1437 1446	50.0	1	2
1438 1445	50.0	1	2
1477 1490	50.0	1	2
1478 1489	50.0	1	2
1479 1488	50.0	1	2
1480 1487	50.0	1	2
1481 1486	50.0	1	2
1848 1869	50.0	1	2
1849 1868	50.0	1	2
1850 1867	50.0	1	2
1851 1866	50.0	1	2
1923 2019	50.0	1	2
1924 2018	50.0	1	2
1925 2017	50.0	1	2
1926 2016	50.0	1	2
1927 2015	50.0	1	2
1929 2013	50.0	1	2
1930 2012	50.0	1	2
1931 2011	50.0	1	2
1932 2010	50.0	1	2
1933 2009	50.0	1	2
1937 2008	50.0	1	2
1938 2007	50.0	1	2
1939 2006	50.0	1	2
1940 2005	50.0	1	2
1942 2003	50.0	1	2
1943 2002	50.0	1	2
1944 2001	50.0	1	2
1945 2000	50.0	1	2
1946 1999	50.0	1	2
1963 1995	50.0	1	2
1964 1994	50.0	1	2
2067 2142	50.0	1	2
2068 2141	50.0	1	2
2069 2139	50.0	1	2
2070 2138	50.0	1	2
2071 2137	50.0	1	2
2072 2136	50.0	1	2
2073 2135	50.0	1	2
2077 2132	50.0	1	2
2078 2131	50.0	1	2
2080 2130	50.0	1	2
2081 2129	50.0	1	2
2082 2128	50.0	1	2
2087 2119	50.0	1	2
2088 2118	50.0	1	2
2089 2117	50.0	1	2
2090 2116	50.0	1	2
2091 2115	50.0	1	2
2093 2113	50.0	1	2
2094 2112	50.0	1	2
2095 2111	50.0	1	2
2096 2110	50.0	1	2
2666 2779	50.0	1	2
2673 2773	50.0	1	2
2674 2772	50.0	1	2
2675 2771	50.0	1	2
2676 2770	50.0	1	2
2677 2769	50.0	1	2
2678 2768	50.0	1	2
2679 2767	50.0	1	2
2680 2766	50.0	1	2
2681 2738	50.0	1	2
2682 2737	50.0	1	2
2683 2736	50.0	1	2
2684 2735	50.0	1	2
2685 2734	50.0	1	2
2686 2733	50.0	1	2
2691 2728	50.0	1	2
2692 2727	50.0	1	2
2693 2726	50.0	1	2
2694 2725	50.0	1	2
2695 2724	50.0	1	2
3168 3285	50.0	1	2
3268 3382	50.0	1	2
3269 3381	50.0	1	2
3270 3380	50.0	1	2
3271 3379	50.0	1	2
3273 3377	50.0	1	2
3274 3376	50.0	1	2
3556 3622	50.0	1	2
3557 3621	50.0	1	2
3558 3620	50.0	1	2
3562 3616	50.0	1	2
3563 3615	50.0	1	2
3564 3614	50.0	1	2
3565 3613	50.0	1	2
3566 3612	50.0	1	2
3567 3602	50.0	1	2
4081 4092	50.0	1	2
4082 4091	50.0	1	2
4083 4090	50.0	1	2
4084 4089	50.0	1	2
4093 4111	50.0	1	2
4094 4110	50.0	1	2
4096 4108	50.0	1	2
4097 4107	50.0	1	2
4098 4106	50.0	1	2
4099 4105	50.0	1	2
4119 4181	50.0	1	2
4120 4180	50.0	1	2
4121 4179	50.0	1	2
4122 4177	50.0	1	2
4123 4176	50.0	1	2
4124 4175	50.0	1	2
4125 4174	50.0	1	2
4126 4172	50.0	1	2
4127 4171	50.0	1	2
4128 4170	50.0	1	2
4129 4169	50.0	1	2
4130 4168	50.0	1	2
4131 4167	50.0	1	2
4132 4166	50.0	1	2
4136 4162	50.0	1	2
4137 4161	50.0	1	2
4139 4159	50.0	1	2
4140 4158	50.0	1	2
4141 4157	50.0	1	2
4142 4156	50.0	1	2
4143 4155	50.0	1	2
4144 4154	50.0	1	2
4145 4152	50.0	1	2
4146 4151	50.0	1	2
4182 4211	50.0	1	2
4183 4210	50.0	1	2
4184 4209	50.0	1	2
4186 4205	50.0	1	2
4187 4204	50.0	1	2
4188 4203	50.0	1	2
4189 4202	50.0	1	2
4190 4201	50.0	1	2
4191 4200	50.0	1	2
4192 4199	50.0	1	2
4216 4257	50.0	1	2
4217 4256	50.0	1	2
4218 4255	50.0	1	2
4219 4254	50.0	1	2
4230 4252	50.0	1	2
4231 4251	50.0	1	2
4265 4293	50.0	1	2
4266 4292	50.0	1	2
4267 4291	50.0	1	2
4268 4290	50.0	1	2
4269 4289	50.0	1	2
4270 4288	50.0	1	2
4271 4287	50.0	1	2
4272 4286	50.0	1	2
4273 4285	50.0	1	2
4274 4283	50.0	1	2
4275 4282	50.0	1	2
4276 4281	50.0	1	2
4299 4337	50.0	1	2
4300 4336	50.0	1	2
4301 4335	50.0	1	2
4302 4334	50.0	1	2
4303 4333	50.0	1	2
4304 4332	50.0	1	2
4306 4329	50.0	1	2
4307 4328	50.0	1	2
4308 4327	50.0	1	2
4309 4326	50.0	1	2
4310 4325	50.0	1	2
4313 4324	50.0	1	2
4314 4323	50.0	1	2
4533 4584	50.0	1	2
4534 4583	50.0	1	2
4537 4580	50.0	1	2
4538 4579	50.0	1	2
4540 4577	50.0	1	2
4541 4576	50.0	1	2
4542 4575	50.0	1	2
4544 4572	50.0	1	2
4545 4571	50.0	1	2
4546 4570	50.0	1	2
4550 4563	50.0	1	2
4551 4562	50.0	1	2
4552 4561	50.0	1	2
4553 4560	50.0	1	2
4554 4559	50.0	1	2
4585 4635	50.0	1	2
4586 4634	50.0	1	2
4587 4633	50.0	1	2
4588 4632	50.0	1	2
4589 4631	50.0	1	2
4590 4630	50.0	1	2
4591 4629	50.0	1	2
4592 4628	50.0	1	2
4595 4625	50.0	1	2
4596 4624	50.0	1	2
4598 4621	50.0	1	2
4599 4620	50.0	1	2
4600 4619	50.0	1	2
4601 4618	50.0	1	2
4602 4617	50.0	1	2
4603 4616	50.0	1	2
4604 4615	50.0	1	2
4605 4614	50.0	1	2
4606 4613	50.0	1	2
4607 4612	50.0	1	2
4639 4654	50.0	1	2
4640 4653	50.0	1	2
4642 4651	50.0	1	2
4644 4649	50.0	1	2
4671 4692	50.0	1	2
4672 4691	50.0	1	2
4673 4690	50.0	1	2
4674 4689	50.0	1	2
4675 4688	50.0	1	2
4676 4687	50.0	1	2
4677 4686	50.0	1	2
4678 4685	50.0	1	2
4679 4684	50.0	1	2
4729 4828	50.0	1	2
4730 4827	50.0	1	2
4733 4824	50.0	1	2
4734 4823	50.0	1	2
4735 4822	50.0	1	2
4736 4821	50.0	1	2
4737 4820	50.0	1	2
4738 4819	50.0	1	2
4739 4818	50.0	1	2
4740 4817	50.0	1	2
4747 4814	50.0	1	2
4748 4813	50.0	1	2
4749 4812	50.0	1	2
4750 4811	50.0	1	2
4751 4810	50.0	1	2
4752 4807	50.0	1	2
4753 4806	50.0	1	2
4754 4805	50.0	1	2
4755 4804	50.0	1	2
4762 4800	50.0	1	2
4763 4798	50.0	1	2
4764 4797	50.0	1	2
4765 4796	50.0	1	2
4766 4795	50.0	1	2
4778 4787	50.0	1	2
5241 5250	50.0	1	2
5243 5248	50.0	1	2
5251 5275	50.0	1	2
5252 5274	50.0	1	2
5253 5273	50.0	1	2
5254 5272	50.0	1	2
5255 5271	50.0	1	2
5256 5270	50.0	1	2
5257 5269	50.0	1	2
5258 5268	50.0	1	2
5276 5321	50.0	1	2
5277 5320	50.0	1	2
5278 5319	50.0	1	2
5279 5318	50.0	1	2
5280 5317	50.0	1	2
5284 5316	50.0	1	2
5285 5315	50.0	1	2
5286 5314	50.0	1	2
5287 5313	50.0	1	2
5289 5311	50.0	1	2
5292 5308	50.0	1	2
5293 5307	50.0	1	2
5614 5658	50.0	1	2
5615 5657	50.0	1	2
5616 5656	50.0	1	2
5617 5655	50.0	1	2
5618 5654	50.0	1	2
5619 5653	50.0	1	2
5620 5630	50.0	1	2
5621 5629	50.0	1	2
5622 5628	50.0	1	2
5623 5627	50.0	1	2
5636 5648	50.0	1	2
5637 5647	50.0	1	2
5638 5646	50.0	1	2
5639 5645	50.0	1	2
5640 5644	50.0	1	2
5660 5706	50.0	1	2
5661 5705	50.0	1	2
5662 5704	50.0	1	2
5663 5703	50.0	1	2
5665 5702	50.0	1	2
5666 5701	50.0	1	2
5667 5700	50.0	1	2
5668 5699	50.0	1	2
5670 5697	50.0	1	2
5671 5696	50.0	1	2
5674 5693	50.0	1	2
5675 5692	50.0	1	2
5676 5691	50.0	1	2
5677 5690	50.0	1	2
5679 5688	50.0	1	2
5680 5687	50.0	1	2
5681 5686	50.0	1	2
5713 5765	50.0	1	2
5715 5763	50.0	1	2
5716 5762	50.0	1	2
5717 5761	50.0	1	2
5718 5760	50.0	1	2
5719 5759	50.0	1	2
5720 5758	50.0	1	2
5721 5757	50.0	1	2
5722 5756	50.0	1	2
5723 5752	50.0	1	2
5724 5751	50.0	1	2
5727 5748	50.0	1	2
5728 5747	50.0	1	2
5729 5746	50.0	1	2
5730 5745	50.0	1	2
5731 5742	50.0	1	2
5732 5741	50.0	1	2
5733 5740	50.0	1	2
5734 5739	50.0	1	2
5777 5834	50.0	1	2
5778 5833	50.0	1	2
5779 5832	50.0	1	2
5780 5831	50.0	1	2
5781 5830	50.0	1	2
5782 5829	50.0	1	2
5784 5821	50.0	1	2
5785 5820	50.0	1	2
5786 5819	50.0	1	2
5787 5818	50.0	1	2
5788 5817	50.0	1	2
5789 5816	50.0	1	2
5790 5815	50.0	1	2
5791 5814	50.0	1	2
5794 5811	50.0	1	2
5795 5810	50.0	1	2
5796 5809	50.0	1	2
5797 5808	50.0	1	2
6059 6171	50.0	1	2
6060 6170	50.0	1	2
6062 6168	50.0	1	2
6063 6167	50.0	1	2
6064 6166	50.0	1	2
6065 6165	50.0	1	2
6066 6164	50.0	1	2
6069 6163	50.0	1	2
6070 6162	50.0	1	2
6071 6161	50.0	1	2
6072 6160	50.0	1	2
6073 6159	50.0	1	2
6074 6158	50.0	1	2
6075 6157	50.0	1	2
6077 6156	50.0	1	2
6078 6155	50.0	1	2
6080 6153	50.0	1	2
6082 6152	50.0	1	2
6083 6151	50.0	1	2
6225 6254	50.0	1	2
6226 6253	50.0	1	2
6227 6252	50.0	1	2
6228 6251	50.0	1	2
6231 6248	50.0	1	2
6232 6247	50.0	1	2
6233 6245	100.0	2	2
6234 6244	100.0	2	2
6235 6243	50.0	1	2
6281 6344	50.0	1	2
6261 6285	50.0	1	2
6288 6337	50.0	1	2
6293 6324	50.0	1	2
6294 6323	50.0	1	2
6295 6322	50.0	1	2
6296 6321	50.0	1	2
6297 6320	50.0	1	2
6298 6319	50.0	1	2
6299 6318	50.0	1	2
6300 6317	50.0	1	2
6303 6314	50.0	1	2
6304 6313	50.0	1	2
6305 6312	50.0	1	2
6363 6392	50.0	1	2
6364 6391	50.0	1	2
6365 6390	50.0	1	2
6366 6389	50.0	1	2
6367 6386	50.0	1	2
6368 6385	50.0	1	2
6369 6384	50.0	1	2
6372 6382	50.0	1	2
6373 6381	50.0	1	2
6374 6380	50.0	1	2
6709 6713	50.0	1	2
6754 6764	50.0	1	2
6755 6763	50.0	1	2
6756 6762	50.0	1	2
6757 6761	50.0	1	2
6773 6790	50.0	1	2
6774 6789	50.0	1	2
6775 6788	50.0	1	2
6776 6787	50.0	1	2
6778 6785	50.0	1	2
6779 6784	50.0	1	2
6795 6885	50.0	1	2
6797 6883	50.0	1	2
6798 6882	50.0	1	2
6799 6881	50.0	1	2
6804 6878	50.0	1	2
6815 6865	50.0	1	2
6816 6864	50.0	1	2
6817 6863	50.0	1	2
6818 6862	50.0	1	2
6819 6861	50.0	1	2
6820 6860	50.0	1	2
6821 6859	50.0	1	2
6822 6852	50.0	1	2
6823 6851	50.0	1	2
6824 6850	50.0	1	2
6825 6849	50.0	1	2
6826 6848	50.0	1	2
6828 6846	50.0	1	2
6829 6845	50.0	1	2
6830 6844	50.0	1	2
6831 6843	50.0	1	2
6832 6842	50.0	1	2
6833 6841	50.0	1	2
6834 6840	50.0	1	2
6891 6902	50.0	1	2
6892 6901	50.0	1	2
6893 6900	50.0	1	2
6894 6899	50.0	1	2
6950 7055	50.0	1	2
6981 7038	50.0	1	2
6982 7037	50.0	1	2
6984 7029	50.0	1	2
6985 7028	50.0	1	2
6986 7027	50.0	1	2
6987 7026	50.0	1	2
6990 7025	50.0	1	2
6991 7024	50.0	1	2
6992 7023	50.0	1	2
7120 7177	50.0	1	2
7121 7176	50.0	1	2
7122 7175	50.0	1	2
7123 7174	50.0	1	2
7126 7171	50.0	1	2
7127 7170	50.0	1	2
7128 7169	50.0	1	2
7129 7168	50.0	1	2
7130 7167	50.0	1	2
7132 7166	50.0	1	2
7133 7165	50.0	1	2
7134 7164	50.0	1	2
7135 7162	50.0	1	2
7136 7161	50.0	1	2
7137 7160	50.0	1	2
7138 7159	50.0	1	2
7139 7155	50.0	1	2
7140 7154	50.0	1	2
7142 7153	50.0	1	2
7143 7152	50.0	1	2
7144 7151	50.0	1	2
7178 7243	50.0	1	2
7181 7240	50.0	1	2
7182 7238	50.0	1	2
7183 7237	50.0	1	2
7184 7236	50.0	1	2
7185 7235	50.0	1	2
7186 7234	50.0	1	2
7188 7232	50.0	1	2
7189 7231	50.0	1	2
7190 7230	50.0	1	2
7193 7225	50.0	1	2
7194 7224	50.0	1	2
7195 7223	50.0	1	2
7196 7222	50.0	1	2
7197 7221	50.0	1	2
7198 7220	50.0	1	2
7201 7217	50.0	1	2
7202 7216	50.0	1	2
7203 7215	50.0	1	2
7204 7214	50.0	1	2
7205 7212	50.0	1	2
7206 7211	50.0	1	2
7482 7595	50.0	1	2
7485 7592	50.0	1	2
7486 7591	50.0	1	2
7521 7624	50.0	1	2
7522 7623	50.0	1	2
7523 7622	50.0	1	2
7674 7719	50.0	1	2
7675 7718	50.0	1	2
7676 7717	50.0	1	2
7677 7716	50.0	1	2
7678 7715	50.0	1	2
7680 7714	50.0	1	2
7681 7713	50.0	1	2
7682 7712	50.0	1	2
7683 7711	50.0	1	2
7684 7710	50.0	1	2
7685 7708	50.0	1	2
7686 7707	50.0	1	2
7687 7706	50.0	1	2
7688 7705	50.0	1	2
7690 7703	50.0	1	2
7691 7702	50.0	1	2
7692 7701	50.0	1	2
7693 7700	50.0	1	2
7726 7813	50.0	1	2
7727 7812	50.0	1	2
7728 7811	50.0	1	2
7729 7810	50.0	1	2
7730 7809	50.0	1	2
7731 7808	50.0	1	2
7733 7806	50.0	1	2
7734 7805	50.0	1	2
7735 7804	50.0	1	2
7736 7803	50.0	1	2
7737 7802	50.0	1	2
7738 7801	50.0	1	2
7739 7800	50.0	1	2
7743 7797	50.0	1	2
7744 7796	50.0	1	2
7745 7795	50.0	1	2
7746 7794	50.0	1	2
7747 7793	50.0	1	2
7748 7792	50.0	1	2
7749 7791	50.0	1	2
7764 7776	50.0	1	2
7765 7775	50.0	1	2
7766 7774	50.0	1	2
7767 7773	50.0	1	2
7854 7888	50.0	1	2
7855 7887	50.0	1	2
7856 7886	50.0	1	2
7857 7885	50.0	1	2
7923 7941	50.0	1	2
7924 7940	50.0	1	2
7925 7939	50.0	1	2
7926 7938	50.0	1	2
7929 7935	50.0	1	2
7942 8032	50.0	1	2
7943 8031	50.0	1	2
7946 8028	50.0	1	2
7947 8027	50.0	1	2
7948 8026	50.0	1	2
7949 8025	50.0	1	2
7951 8023	50.0	1	2
7953 8021	50.0	1	2
7954 8020	50.0	1	2
7955 8019	50.0	1	2
7956 8018	50.0	1	2
7957 8017	50.0	1	2
7958 8016	50.0	1	2
7959 8015	50.0	1	2
7962 8013	50.0	1	2
7963 8012	50.0	1	2
7964 8011	50.0	1	2
7965 8010	50.0	1	2
7966 8007	50.0	1	2
7967 8006	50.0	1	2
7968 8005	50.0	1	2
7972 8001	50.0	1	2
7973 8000	50.0	1	2
7974 7999	50.0	1	2
7975 7998	50.0	1	2
7976 7997	50.0	1	2
7978 7995	50.0	1	2
7979 7994	50.0	1	2
7980 7993	50.0	1	2
7981 7992	50.0	1	2
7982 7991	50.0	1	2
8167 8193	50.0	1	2
8168 8192	50.0	1	2
8171 8189	50.0	1	2
8174 8187	50.0	1	2
8176 8185	50.0	1	2
8177 8184	50.0	1	2
8194 8203	50.0	1	2
8195 8202	50.0	1	2
8196 8201	50.0	1	2
8205 8244	50.0	1	2
8206 8243	50.0	1	2
8207 8242	50.0	1	2
8208 8241	50.0	1	2
8209 8240	50.0	1	2
8210 8239	50.0	1	2
8211 8238	50.0	1	2
8215 8237	50.0	1	2
8216 8236	50.0	1	2
8217 8235	50.0	1	2
8218 8234	50.0	1	2
8219 8233	50.0	1	2
8220 8232	50.0	1	2
8221 8231	50.0	1	2
8222 8230	50.0	1	2
8245 8266	50.0	1	2
8246 8265	50.0	1	2
8249 8262	50.0	1	2
8250 8261	50.0	1	2
8251 8260	50.0	1	2
8252 8259	50.0	1	2
8275 8303	50.0	1	2
8276 8302	50.0	1	2
8277 8301	50.0	1	2
8281 8297	50.0	1	2
8282 8296	50.0	1	2
8283 8295	50.0	1	2
8284 8294	50.0	1	2
8286 8292	50.0	1	2
8356 8383	50.0	1	2
8357 8382	50.0	1	2
8358 8381	50.0	1	2
8359 8380	50.0	1	2
8363 8378	50.0	1	2
8364 8377	50.0	1	2
8365 8376	50.0	1	2
8366 8375	50.0	1	2
8799 8877	50.0	1	2
8800 8876	50.0	1	2
8801 8875	50.0	1	2
8802 8874	50.0	1	2
8805 8871	50.0	1	2
8806 8870	50.0	1	2
8807 8869	50.0	1	2
8811 8865	50.0	1	2
8812 8864	50.0	1	2
8815 8861	50.0	1	2
8816 8860	50.0	1	2
8817 8859	50.0	1	2
8819 8858	50.0	1	2
8820 8857	50.0	1	2
8885 8925	50.0	1	2
8889 8921	50.0	1	2
8890 8920	50.0	1	2
8892 8916	50.0	1	2
8893 8915	50.0	1	2
8894 8914	50.0	1	2
8895 8913	50.0	1	2
8896 8912	50.0	1	2
8897 8911	50.0	1	2
8898 8910	50.0	1	2
8899 8909	50.0	1	2
8928 8940	50.0	1	2
8929 8939	50.0	1	2
8930 8938	50.0	1	2
8949 8961	50.0	1	2
8950 8960	50.0	1	2
8951 8959	50.0	1	2
8952 8958	50.0	1	2
8967 8994	50.0	1	2
8968 8993	50.0	1	2
8971 8992	50.0	1	2
8972 8991	50.0	1	2
8973 8990	50.0	1	2
8974 8989	50.0	1	2
8975 8988	50.0	1	2
8976 8986	50.0	1	2
8977 8985	50.0	1	2
8978 8984	50.0	1	2
8979 8983	50.0	1	2
8999 9011	50.0	1	2
9000 9010	50.0	1	2
9001 9009	50.0	1	2
9002 9008	50.0	1	2
9012 9068	50.0	1	2
9013 9067	50.0	1	2
9014 9066	50.0	1	2
9016 9065	50.0	1	2
9017 9064	50.0	1	2
9018 9063	50.0	1	2
9019 9062	50.0	1	2
9020 9061	50.0	1	2
9021 9060	50.0	1	2
9022 9059	50.0	1	2
9023 9058	50.0	1	2
9025 9056	50.0	1	2
9030 9052	50.0	1	2
9031 9051	50.0	1	2
9032 9050	50.0	1	2
9033 9049	50.0	1	2
9034 9048	50.0	1	2
9035 9047	50.0	1	2
9036 9046	50.0	1	2
9216 9228	50.0	1	2
9217 9227	50.0	1	2
9218 9226	50.0	1	2
9219 9225	50.0	1	2
9229 9252	50.0	1	2
9230 9251	50.0	1	2
9231 9250	50.0	1	2
9232 9249	50.0	1	2
9234 9247	50.0	1	2
9235 9246	50.0	1	2
9236 9245	50.0	1	2
9255 9263	50.0	1	2
9256 9262	50.0	1	2
9257 9261	50.0	1	2
9566 9673	50.0	1	2
9569 9670	50.0	1	2
9571 9668	50.0	1	2
9572 9667	50.0	1	2
10020 10055	50.0	1	2
10021 10054	50.0	1	2
10022 10053	50.0	1	2
10023 10052	50.0	1	2
10024 10051	50.0	1	2
10030 10047	50.0	1	2
10033 10044	50.0	1	2
10034 10043	50.0	1	2
10035 10042	50.0	1	2
10056 10134	50.0	1	2
10057 10133	50.0	1	2
10058 10132	50.0	1	2
10060 10094	50.0	1	2
10061 10093	50.0	1	2
10062 10092	50.0	1	2
10063 10091	50.0	1	2
10064 10090	50.0	1	2
10065 10089	50.0	1	2
10066 10088	50.0	1	2
10070 10086	50.0	1	2
10071 10085	50.0	1	2
10072 10084	50.0	1	2
10073 10083	50.0	1	2
10074 10082	50.0	1	2
10095 10130	50.0	1	2
10096 10129	50.0	1	2
10097 10128	50.0	1	2
10098 10127	50.0	1	2
10099 10126	50.0	1	2
10101 10124	50.0	1	2
10102 10123	50.0	1	2
10103 10122	50.0	1	2
10106 10120	50.0	1	2
10107 10119	50.0	1	2
10111 10118	50.0	1	2
10112 10117	50.0	1	2
10256 10341	50.0	1	2
10257 10340	50.0	1	2
10263 10333	50.0	1	2
10264 10332	50.0	1	2
10266 10330	50.0	1	2
10267 10329	50.0	1	2
10268 10328	50.0	1	2
10269 10327	50.0	1	2
10279 10318	50.0	1	2
10280 10317	50.0	1	2
10281 10316	50.0	1	2
10288 10313	50.0	1	2
10289 10312	50.0	1	2
10290 10311	50.0	1	2
10291 10310	50.0	1	2
10292 10309	50.0	1	2
10293 10308	50.0	1	2
10297 10306	50.0	1	2
10298 10305	50.0	1	2
10299 10304	50.0	1	2
10455 10446	50.0	1	2
10484 10464	50.0	1	2
10493 10401	50.0	1	2
10494 10400	50.0	1	2
10495 10398	50.0	1	2
10496 10397	50.0	1	2
10497 10396	50.0	1	2
25 40	50.0	1	2
27 38	50.0	1	2
28 37	50.0	1	2
29 36	50.0	1	2
48 80	50.0	1	2
51 77	50.0	1	2
52 76	50.0	1	2
59 72	50.0	1	2
60 71	50.0	1	2
61 70	50.0	1	2
62 69	50.0	1	2
63 68	50.0	1	2
82 113	50.0	1	2
83 112	50.0	1	2
84 111	50.0	1	2
87 108	50.0	1	2
88 107	50.0	1	2
89 106	50.0	1	2
90 105	50.0	1	2
91 104	50.0	1	2
92 103	50.0	1	2
93 102	50.0	1	2
94 101	50.0	1	2
95 100	50.0	1	2
115 142	50.0	1	2
116 141	50.0	1	2
117 140	50.0	1	2
118 139	50.0	1	2
119 138	50.0	1	2
122 136	50.0	1	2
123 135	50.0	1	2
124 134	50.0	1	2
125 133	50.0	1	2
126 132	50.0	1	2
144 165	50.0	1	2
145 164	50.0	1	2
146 163	50.0	1	2
147 162	50.0	1	2
148 161	50.0	1	2
149 160	50.0	1	2
150 159	50.0	1	2
151 158	50.0	1	2
152 157	50.0	1	2
179 228	50.0	1	2
180 227	50.0	1	2
181 226	50.0	1	2
182 225	50.0	1	2
183 224	50.0	1	2
185 222	50.0	1	2
186 221	50.0	1	2
191 217	50.0	1	2
192 216	50.0	1	2
193 215	50.0	1	2
194 214	50.0	1	2
195 204	50.0	1	2
196 203	50.0	1	2
197 202	50.0	1	2
240 300	50.0	1	2
241 299	50.0	1	2
242 298	50.0	1	2
243 297	50.0	1	2
244 296	50.0	1	2
245 295	50.0	1	2
246 294	50.0	1	2
247 293	50.0	1	2
248 292	50.0	1	2
249 291	50.0	1	2
250 290	50.0	1	2
256 287	50.0	1	2
257 286	50.0	1	2
258 285	50.0	1	2
259 284	50.0	1	2
260 283	50.0	1	2
261 282	50.0	1	2
262 281	50.0	1	2
265 278	50.0	1	2
266 277	50.0	1	2
267 276	50.0	1	2
268 275	50.0	1	2
269 274	50.0	1	2
303 310	50.0	1	2
311 336	50.0	1	2
312 335	50.0	1	2
313 334	50.0	1	2
314 333	50.0	1	2
315 332	50.0	1	2
316 331	50.0	1	2
317 330	50.0	1	2
318 329	50.0	1	2
319 328	50.0	1	2
320 327	50.0	1	2
347 370	50.0	1	2
348 369	50.0	1	2
349 368	50.0	1	2
351 367	50.0	1	2
353 365	50.0	1	2
354 364	50.0	1	2
355 363	50.0	1	2
356 362	50.0	1	2
357 361	50.0	1	2
387 477	50.0	1	2
389 475	50.0	1	2
390 474	50.0	1	2
391 473	50.0	1	2
392 472	50.0	1	2
395 468	50.0	1	2
396 467	50.0	1	2
397 466	50.0	1	2
398 464	50.0	1	2
399 463	50.0	1	2
400 462	50.0	1	2
403 461	50.0	1	2
404 460	50.0	1	2
405 459	50.0	1	2
406 458	50.0	1	2
407 457	50.0	1	2
408 456	50.0	1	2
409 455	50.0	1	2
410 454	50.0	1	2
411 453	50.0	1	2
414 450	50.0	1	2
415 449	50.0	1	2
416 448	50.0	1	2
417 447	50.0	1	2
418 446	50.0	1	2
488 498	50.0	1	2
489 496	50.0	1	2
490 495	50.0	1	2
532 635	50.0	1	2
534 633	50.0	1	2
535 632	50.0	1	2
536 631	50.0	1	2
537 630	50.0	1	2
538 629	50.0	1	2
539 628	50.0	1	2
541 627	50.0	1	2
542 626	50.0	1	2
546 624	50.0	1	2
547 623	50.0	1	2
548 622	50.0	1	2
549 621	50.0	1	2
553 619	50.0	1	2
554 618	50.0	1	2
555 617	50.0	1	2
559 613	50.0	1	2
560 612	50.0	1	2
561 611	50.0	1	2
562 610	50.0	1	2
742 760	50.0	1	2
743 759	50.0	1	2
744 758	50.0	1	2
745 757	50.0	1	2
746 756	50.0	1	2
747 755	50.0	1	2
748 754	50.0	1	2
749 753	50.0	1	2
774 843	50.0	1	2
775 842	50.0	1	2
778 839	50.0	1	2
788 828	50.0	1	2
789 827	50.0	1	2
790 826	50.0	1	2
791 825	50.0	1	2
792 824	50.0	1	2
794 823	50.0	1	2
795 807	50.0	1	2
796 806	50.0	1	2
797 805	50.0	1	2
798 804	50.0	1	2
845 881	50.0	1	2
846 880	50.0	1	2
847 879	50.0	1	2
848 878	50.0	1	2
849 877	50.0	1	2
850 876	50.0	1	2
851 875	50.0	1	2
852 874	50.0	1	2
853 873	50.0	1	2
854 872	50.0	1	2
855 871	50.0	1	2
857 870	50.0	1	2
858 869	50.0	1	2
859 868	50.0	1	2
884 907	50.0	1	2
885 906	50.0	1	2
886 905	50.0	1	2
888 904	50.0	1	2
889 903	50.0	1	2
891 902	50.0	1	2
892 901	50.0	1	2
893 900	50.0	1	2
921 960	50.0	1	2
922 959	50.0	1	2
923 958	50.0	1	2
924 951	50.0	1	2
925 950	50.0	1	2
926 949	50.0	1	2
927 947	50.0	1	2
928 946	50.0	1	2
929 945	50.0	1	2
930 944	50.0	1	2
934 943	50.0	1	2
935 942	50.0	1	2
936 941	50.0	1	2
1079 1124	50.0	1	2
1080 1122	50.0	1	2
1081 1121	50.0	1	2
1082 1120	50.0	1	2
1396 1428	50.0	1	2
1397 1427	50.0	1	2
1398 1426	50.0	1	2
1403 1422	50.0	1	2
1404 1421	50.0	1	2
1405 1420	50.0	1	2
1406 1419	50.0	1	2
1407 1418	50.0	1	2
1408 1417	50.0	1	2
1431 1464	50.0	1	2
1432 1463	50.0	1	2
1433 1462	50.0	1	2
1434 1461	50.0	1	2
1435 1460	50.0	1	2
1436 1459	50.0	1	2
1437 1458	50.0	1	2
1438 1456	50.0	1	2
1439 1455	50.0	1	2
1440 1454	50.0	1	2
1441 1453	50.0	1	2
1442 1452	50.0	1	2
1443 1451	50.0	1	2
1444 1450	50.0	1	2
1466 1476	50.0	1	2
1467 1475	50.0	1	2
1468 1474	50.0	1	2
1469 1473	50.0	1	2
1480 1507	50.0	1	2
1481 1506	50.0	1	2
1482 1505	50.0	1	2
1483 1504	50.0	1	2
1484 1503	50.0	1	2
1485 1500	50.0	1	2
1486 1499	50.0	1	2
1487 1498	50.0	1	2
1488 1497	50.0	1	2
1699 1740	50.0	1	2
1700 1739	50.0	1	2
1701 1738	50.0	1	2
1702 1737	50.0	1	2
1750 1783	50.0	1	2
1751 1782	50.0	1	2
1752 1781	50.0	1	2
1753 1780	50.0	1	2
1994 2005	50.0	1	2
1995 2004	50.0	1	2
2356 2466	50.0	1	2
2357 2465	50.0	1	2
2358 2464	50.0	1	2
2620 2688	50.0	1	2
2621 2687	50.0	1	2
2622 2686	50.0	1	2
2623 2685	50.0	1	2
2624 2684	50.0	1	2
2625 2683	50.0	1	2
2626 2682	50.0	1	2
2628 2681	50.0	1	2
2629 2680	50.0	1	2
2630 2679	50.0	1	2
2631 2678	50.0	1	2
2632 2677	50.0	1	2
2633 2676	50.0	1	2
2635 2670	50.0	1	2
2636 2669	50.0	1	2
2637 2668	50.0	1	2
2638 2667	50.0	1	2
2639 2666	50.0	1	2
2640 2665	50.0	1	2
2641 2664	50.0	1	2
2642 2663	50.0	1	2
2643 2662	50.0	1	2
2644 2661	50.0	1	2
2647 2659	50.0	1	2
2648 2658	50.0	1	2
2649 2657	50.0	1	2
2707 2720	50.0	1	2
2708 2719	50.0	1	2
2709 2718	50.0	1	2
2711 2716	50.0	1	2
2722 2742	50.0	1	2
2723 2741	50.0	1	2
2726 2738	50.0	1	2
2727 2737	50.0	1	2
2728 2736	50.0	1	2
2729 2735	50.0	1	2
2730 2734	50.0	1	2
2747 2768	50.0	1	2
2748 2767	50.0	1	2
2749 2766	50.0	1	2
2750 2765	50.0	1	2
2751 2764	50.0	1	2
2752 2763	50.0	1	2
2753 2762	50.0	1	2
2770 2780	50.0	1	2
2771 2779	50.0	1	2
2772 2778	50.0	1	2
2773 2777	50.0	1	2
2782 2848	50.0	1	2
2783 2847	50.0	1	2
2784 2846	50.0	1	2
2786 2845	50.0	1	2
2787 2844	50.0	1	2
2788 2843	50.0	1	2
2789 2842	50.0	1	2
2790 2841	50.0	1	2
2791 2840	50.0	1	2
2792 2839	50.0	1	2
2793 2838	50.0	1	2
2794 2837	50.0	1	2
2797 2834	50.0	1	2
2798 2833	50.0	1	2
2799 2832	50.0	1	2
2803 2829	50.0	1	2
2804 2828	50.0	1	2
2805 2827	50.0	1	2
2806 2826	50.0	1	2
2808 2824	50.0	1	2
2809 2823	50.0	1	2
2810 2822	50.0	1	2
2811 2819	50.0	1	2
2812 2818	50.0	1	2
2813 2817	50.0	1	2
2864 2901	50.0	1	2
2865 2900	50.0	1	2
2868 2897	50.0	1	2
2869 2896	50.0	1	2
2870 2895	50.0	1	2
2871 2894	50.0	1	2
2872 2893	50.0	1	2
2873 2892	50.0	1	2
2874 2891	50.0	1	2
2875 2890	50.0	1	2
2876 2889	50.0	1	2
2879 2888	50.0	1	2
2880 2887	50.0	1	2
2881 2886	50.0	1	2
2908 2922	50.0	1	2
2909 2921	50.0	1	2
2910 2920	50.0	1	2
2911 2919	50.0	1	2
2912 2918	50.0	1	2
3182 3261	50.0	1	2
3183 3260	50.0	1	2
3184 3259	50.0	1	2
3186 3257	50.0	1	2
3188 3255	50.0	1	2
3189 3254	50.0	1	2
3190 3253	50.0	1	2
3191 3252	50.0	1	2
3192 3251	50.0	1	2
3194 3249	50.0	1	2
3202 3241	50.0	1	2
3203 3240	50.0	1	2
3204 3239	50.0	1	2
3205 3238	50.0	1	2
3206 3237	50.0	1	2
3207 3236	50.0	1	2
3208 3235	50.0	1	2
3209 3234	50.0	1	2
3210 3233	50.0	1	2
3211 3232	50.0	1	2
3212 3231	50.0	1	2
3213 3230	50.0	1	2
3263 3277	50.0	1	2
3264 3276	50.0	1	2
3265 3275	50.0	1	2
3266 3274	50.0	1	2
3267 3273	50.0	1	2
3268 3272	50.0	1	2
3280 3306	50.0	1	2
3281 3305	50.0	1	2
3282 3304	50.0	1	2
3284 3302	50.0	1	2
3285 3301	50.0	1	2
3286 3300	50.0	1	2
3287 3299	50.0	1	2
3288 3298	50.0	1	2
3289 3297	50.0	1	2
3290 3296	50.0	1	2
3315 3380	50.0	1	2
3316 3379	50.0	1	2
3317 3377	50.0	1	2
3318 3376	50.0	1	2
3323 3371	50.0	1	2
3324 3370	50.0	1	2
3325 3367	50.0	1	2
3328 3364	50.0	1	2
3329 3363	50.0	1	2
3330 3362	50.0	1	2
3333 3359	50.0	1	2
3334 3358	50.0	1	2
3336 3355	50.0	1	2
3337 3354	50.0	1	2
3340 3351	50.0	1	2
3341 3350	50.0	1	2
3342 3349	50.0	1	2
3343 3348	50.0	1	2
3383 3421	50.0	1	2
3384 3420	50.0	1	2
3385 3419	50.0	1	2
3386 3418	50.0	1	2
3387 3417	50.0	1	2
3390 3415	50.0	1	2
3392 3413	50.0	1	2
3395 3410	50.0	1	2
3396 3409	50.0	1	2
3397 3408	50.0	1	2
3398 3407	50.0	1	2
3399 3406	50.0	1	2
3400 3405	50.0	1	2
3439 3449	50.0	1	2
3440 3448	50.0	1	2
3441 3447	50.0	1	2
3453 3464	50.0	1	2
3454 3463	50.0	1	2
3469 3506	50.0	1	2
3470 3505	50.0	1	2
3471 3504	50.0	1	2
3472 3503	50.0	1	2
3473 3502	50.0	1	2
3474 3501	50.0	1	2
3475 3500	50.0	1	2
3482 3494	50.0	1	2
3483 3493	50.0	1	2
3485 3491	50.0	1	2
3510 3541	50.0	1	2
3511 3540	50.0	1	2
3512 3539	50.0	1	2
3513 3538	50.0	1	2
3514 3537	50.0	1	2
3515 3536	50.0	1	2
3518 3535	50.0	1	2
3519 3534	50.0	1	2
3520 3533	50.0	1	2
3521 3531	50.0	1	2
3522 3530	50.0	1	2
3919 3982	50.0	1	2
3920 3981	50.0	1	2
3921 3980	50.0	1	2
3922 3979	50.0	1	2
3930 3971	50.0	1	2
3931 3970	50.0	1	2
3932 3969	50.0	1	2
3933 3968	50.0	1	2
3934 3967	50.0	1	2
3935 3966	50.0	1	2
3937 3964	50.0	1	2
3938 3958	50.0	1	2
3939 3957	50.0	1	2
3940 3955	50.0	1	2
3941 3954	50.0	1	2
3942 3953	50.0	1	2
3943 3952	50.0	1	2
3944 3951	50.0	1	2
3945 3950	50.0	1	2
3988 4019	50.0	1	2
3989 4018	50.0	1	2
3990 4017	50.0	1	2
3991 4016	50.0	1	2
3992 4015	50.0	1	2
3993 4014	50.0	1	2
3994 4013	50.0	1	2
3995 4012	50.0	1	2
3997 4010	50.0	1	2
3998 4008	50.0	1	2
3999 4007	50.0	1	2
4000 4006	50.0	1	2
4001 4005	50.0	1	2
4020 4054	50.0	1	2
4021 4053	50.0	1	2
4022 4052	50.0	1	2
4023 4051	50.0	1	2
4024 4050	50.0	1	2
4025 4048	50.0	1	2
4026 4047	50.0	1	2
4027 4046	50.0	1	2
4028 4045	50.0	1	2
4156 4199	50.0	1	2
4157 4198	50.0	1	2
4158 4197	50.0	1	2
4159 4196	50.0	1	2
4162 4193	50.0	1	2
4163 4192	50.0	1	2
4164 4191	50.0	1	2
4166 4189	50.0	1	2
4168 4187	50.0	1	2
4169 4186	50.0	1	2
4170 4185	50.0	1	2
4171 4184	50.0	1	2
4172 4183	50.0	1	2
4173 4182	50.0	1	2
4201 4247	50.0	1	2
4203 4245	50.0	1	2
4212 4237	50.0	1	2
4213 4236	50.0	1	2
4214 4235	50.0	1	2
4215 4234	50.0	1	2
4222 4231	50.0	1	2
4223 4230	50.0	1	2
4224 4229	50.0	1	2
4360 4469	50.0	1	2
4361 4468	50.0	1	2
4362 4467	50.0	1	2
4363 4466	50.0	1	2
4364 4465	50.0	1	2
4366 4463	50.0	1	2
4367 4462	50.0	1	2
4368 4461	50.0	1	2
4369 4460	50.0	1	2
5036 5146	50.0	1	2
5037 5145	50.0	1	2
5038 5144	50.0	1	2
5039 5143	50.0	1	2
5040 5142	50.0	1	2
5041 5141	50.0	1	2
5048 5058	50.0	1	2
5049 5057	50.0	1	2
5288 5377	50.0	1	2
5289 5376	50.0	1	2
5290 5375	50.0	1	2
5291 5374	50.0	1	2
5292 5373	50.0	1	2
5293 5372	50.0	1	2
5294 5371	50.0	1	2
5296 5369	50.0	1	2
5297 5368	50.0	1	2
5299 5366	50.0	1	2
5300 5365	50.0	1	2
5302 5330	50.0	1	2
5303 5329	50.0	1	2
5304 5328	50.0	1	2
5305 5326	50.0	1	2
5306 5325	50.0	1	2
5307 5324	50.0	1	2
5312 5319	50.0	1	2
5313 5318	50.0	1	2
5332 5362	50.0	1	2
5333 5361	50.0	1	2
5334 5360	50.0	1	2
5335 5359	50.0	1	2
5336 5358	50.0	1	2
5337 5357	50.0	1	2
5338 5356	50.0	1	2
5339 5355	50.0	1	2
5340 5354	50.0	1	2
5341 5353	50.0	1	2
5494 5534	50.0	1	2
5495 5533	50.0	1	2
5498 5529	50.0	1	2
5499 5528	50.0	1	2
5500 5527	50.0	1	2
5501 5526	50.0	1	2
5502 5525	50.0	1	2
5503 5524	50.0	1	2
5504 5523	50.0	1	2
5505 5522	50.0	1	2
5510 5518	50.0	1	2
5511 5517	50.0	1	2
5538 5565	50.0	1	2
5539 5563	50.0	1	2
5540 5562	50.0	1	2
5541 5561	50.0	1	2
5542 5560	50.0	1	2
5543 5559	50.0	1	2
5544 5558	50.0	1	2
5545 5557	50.0	1	2
5547 5556	50.0	1	2
5548 5555	50.0	1	2
5549 5554	50.0	1	2
5572 5580	50.0	1	2
5573 5579	50.0	1	2
5574 5578	50.0	1	2
5585 5600	50.0	1	2
5586 5599	50.0	1	2
5587 5598	50.0	1	2
5588 5597	50.0	1	2
5589 5596	50.0	1	2
5590 5595	50.0	1	2
5704 5717	50.0	1	2
5705 5716	50.0	1	2
5706 5715	50.0	1	2
5707 5714	50.0	1	2
5708 5713	50.0	1	2
5829 5843	50.0	1	2
5831 5841	50.0	1	2
5881 5932	50.0	1	2
5882 5931	50.0	1	2
5886 5929	50.0	1	2
5888 5928	50.0	1	2
5889 5927	50.0	1	2
5890 5926	50.0	1	2
5891 5925	50.0	1	2
5892 5924	50.0	1	2
5893 5923	50.0	1	2
5894 5922	50.0	1	2
5895 5921	50.0	1	2
5896 5920	50.0	1	2
5897 5919	50.0	1	2
5899 5918	50.0	1	2
5900 5917	50.0	1	2
5901 5916	50.0	1	2
5902 5915	50.0	1	2
5903 5914	50.0	1	2
5904 5913	50.0	1	2
5942 5950	50.0	1	2
5943 5949	50.0	1	2
5958 5985	50.0	1	2
5959 5984	50.0	1	2
5960 5983	50.0	1	2
5961 5982	50.0	1	2
5962 5981	50.0	1	2
5963 5980	50.0	1	2
5964 5979	50.0	1	2
5965 5978	50.0	1	2
5966 5977	50.0	1	2
5967 5976	50.0	1	2
5968 5975	50.0	1	2
5986 6038	50.0	1	2
5987 6037	50.0	1	2
5988 6036	50.0	1	2
5995 6035	50.0	1	2
5996 6034	50.0	1	2
5997 6033	50.0	1	2
5998 6032	50.0	1	2
5999 6031	50.0	1	2
6000 6030	50.0	1	2
6001 6029	50.0	1	2
6002 6028	50.0	1	2
6003 6027	50.0	1	2
6004 6026	50.0	1	2
6006 6022	50.0	1	2
6008 6020	50.0	1	2
6009 6019	50.0	1	2
6010 6018	50.0	1	2
6011 6017	50.0	1	2
6172 6213	50.0	1	2
6173 6212	50.0	1	2
6175 6210	50.0	1	2
6176 6209	50.0	1	2
6177 6208	50.0	1	2
6178 6207	50.0	1	2
6179 6206	50.0	1	2
6180 6204	50.0	1	2
6181 6203	50.0	1	2
6184 6201	50.0	1	2
6185 6200	50.0	1	2
6186 6199	50.0	1	2
6187 6198	50.0	1	2
6189 6196	50.0	1	2
6215 6269	50.0	1	2
6216 6268	50.0	1	2
6217 6267	50.0	1	2
6218 6266	50.0	1	2
6219 6264	50.0	1	2
6220 6263	50.0	1	2
6221 6262	50.0	1	2
6222 6261	50.0	1	2
6223 6260	50.0	1	2
6224 6259	50.0	1	2
6226 6257	50.0	1	2
6227 6256	50.0	1	2
6228 6255	50.0	1	2
6229 6254	50.0	1	2
6230 6253	50.0	1	2
6231 6247	50.0	1	2
6232 6246	50.0	1	2
6274 6305	50.0	1	2
6275 6304	50.0	1	2
6276 6303	50.0	1	2
6278 6301	50.0	1	2
6279 6300	50.0	1	2
6280 6299	50.0	1	2
6281 6298	50.0	1	2
6282 6293	50.0	1	2
6283 6292	50.0	1	2
6284 6291	50.0	1	2
6497 6611	50.0	1	2
6498 6610	50.0	1	2
6499 6609	50.0	1	2
6500 6608	50.0	1	2
6501 6607	50.0	1	2
6502 6606	50.0	1	2
6710 6819	50.0	1	2
6711 6818	50.0	1	2
6712 6817	50.0	1	2
6715 6814	50.0	1	2
6716 6813	50.0	1	2
6717 6812	50.0	1	2
6718 6811	50.0	1	2
6719 6810	50.0	1	2
6720 6809	50.0	1	2
6727 6804	50.0	1	2
6728 6803	50.0	1	2
6730 6801	50.0	1	2
6731 6800	50.0	1	2
6732 6799	50.0	1	2
6733 6798	50.0	1	2
6734 6793	50.0	1	2
6735 6792	50.0	1	2
6737 6790	50.0	1	2
6738 6789	50.0	1	2
6739 6788	50.0	1	2
6740 6787	50.0	1	2
6741 6786	50.0	1	2
6742 6785	50.0	1	2
6748 6779	50.0	1	2
6749 6778	50.0	1	2
6750 6777	50.0	1	2
6751 6776	50.0	1	2
6752 6775	50.0	1	2
6753 6774	50.0	1	2
6754 6773	50.0	1	2
6755 6772	50.0	1	2
6756 6771	50.0	1	2
6759 6770	50.0	1	2
6760 6769	50.0	1	2
6761 6768	50.0	1	2
6762 6767	50.0	1	2
6864 6976	50.0	1	2
6865 6975	50.0	1	2
6866 6974	50.0	1	2
6872 6969	50.0	1	2
6873 6968	50.0	1	2
6874 6967	50.0	1	2
6875 6966	50.0	1	2
6876 6965	50.0	1	2
6877 6964	50.0	1	2
6882 6920	50.0	1	2
6883 6919	50.0	1	2
6884 6918	50.0	1	2
6885 6917	50.0	1	2
6886 6916	50.0	1	2
6887 6915	50.0	1	2
6889 6914	50.0	1	2
6890 6913	50.0	1	2
6893 6910	50.0	1	2
6894 6909	50.0	1	2
6895 6908	50.0	1	2
6896 6907	50.0	1	2
6897 6905	50.0	1	2
6898 6904	50.0	1	2
6899 6903	50.0	1	2
7060 7077	50.0	1	2
7061 7076	50.0	1	2
7062 7075	50.0	1	2
7063 7074	50.0	1	2
7081 7123	50.0	1	2
7082 7122	50.0	1	2
7083 7121	50.0	1	2
7084 7120	50.0	1	2
7085 7119	50.0	1	2
7086 7118	50.0	1	2
7087 7115	50.0	1	2
7088 7114	50.0	1	2
7089 7113	50.0	1	2
7099 7112	50.0	1	2
7100 7111	50.0	1	2
7101 7110	50.0	1	2
7124 7164	50.0	1	2
7125 7163	50.0	1	2
7127 7161	50.0	1	2
7128 7160	50.0	1	2
7136 7157	50.0	1	2
7137 7156	50.0	1	2
7138 7155	50.0	1	2
7139 7154	50.0	1	2
7140 7153	50.0	1	2
7141 7152	50.0	1	2
7142 7151	50.0	1	2
7143 7150	50.0	1	2
7144 7149	50.0	1	2
7208 7283	50.0	1	2
7209 7282	50.0	1	2
7210 7281	50.0	1	2
7211 7280	50.0	1	2
7212 7279	50.0	1	2
7213 7278	50.0	1	2
7214 7277	50.0	1	2
7215 7276	50.0	1	2
7216 7275	50.0	1	2
7217 7274	50.0	1	2
7313 7417	50.0	1	2
7314 7416	50.0	1	2
7319 7411	50.0	1	2
7320 7410	50.0	1	2
7321 7409	50.0	1	2
7322 7408	50.0	1	2
7323 7407	50.0	1	2
7324 7406	50.0	1	2
7327 7403	50.0	1	2
7328 7402	50.0	1	2
7329 7401	50.0	1	2
7780 7837	50.0	1	2
7781 7836	50.0	1	2
7782 7835	50.0	1	2
7783 7834	50.0	1	2
7784 7833	50.0	1	2
7785 7832	50.0	1	2
7788 7829	50.0	1	2
7789 7828	50.0	1	2
7790 7827	50.0	1	2
7793 7825	50.0	1	2
7794 7824	50.0	1	2
7795 7823	50.0	1	2
7796 7822	50.0	1	2
7797 7821	50.0	1	2
7798 7820	50.0	1	2
7799 7819	50.0	1	2
7800 7817	50.0	1	2
7987 8074	50.0	1	2
7988 8073	50.0	1	2
7989 8072	50.0	1	2
7990 8071	50.0	1	2
7991 8070	50.0	1	2
7992 8069	50.0	1	2
7993 8068	50.0	1	2
7998 8067	50.0	1	2
7999 8066	50.0	1	2
8000 8065	50.0	1	2
8001 8064	50.0	1	2
8002 8063	50.0	1	2
8003 8062	50.0	1	2
8004 8061	50.0	1	2
8005 8060	50.0	1	2
8006 8059	50.0	1	2
8009 8058	50.0	1	2
8010 8057	50.0	1	2
8011 8056	50.0	1	2
8012 8055	50.0	1	2
8013 8054	50.0	1	2
8102 8190	50.0	1	2
8103 8189	50.0	1	2
8104 8187	50.0	1	2
8105 8186	50.0	1	2
8106 8185	50.0	1	2
8107 8184	50.0	1	2
8108 8183	50.0	1	2
8109 8182	50.0	1	2
8110 8181	50.0	1	2
8111 8180	50.0	1	2
8112 8179	50.0	1	2
8113 8175	50.0	1	2
8114 8174	50.0	1	2
8115 8173	50.0	1	2
8116 8172	50.0	1	2
8117 8171	50.0	1	2
8118 8169	50.0	1	2
8119 8168	50.0	1	2
8120 8167	50.0	1	2
8121 8166	50.0	1	2
8122 8165	50.0	1	2
8123 8164	50.0	1	2
8124 8163	50.0	1	2
8125 8162	50.0	1	2
8126 8159	50.0	1	2
8127 8158	50.0	1	2
8128 8157	50.0	1	2
8132 8153	50.0	1	2
8133 8152	50.0	1	2
8134 8151	50.0	1	2
8136 8149	50.0	1	2
8137 8147	50.0	1	2
8138 8146	50.0	1	2
8139 8145	50.0	1	2
8140 8144	50.0	1	2
8479 8520	50.0	1	2
8480 8519	50.0	1	2
8926 9030	50.0	1	2
8927 9029	50.0	1	2
8928 9028	50.0	1	2
8929 9027	50.0	1	2
8931 9024	50.0	1	2
8932 9022	50.0	1	2
8933 9021	50.0	1	2
8962 9017	50.0	1	2
8963 9016	50.0	1	2
8966 9013	50.0	1	2
8967 9012	50.0	1	2
8968 9011	50.0	1	2
8969 9010	50.0	1	2
8972 9005	50.0	1	2
8973 9004	50.0	1	2
8974 9003	50.0	1	2
8975 9002	50.0	1	2
8976 9001	50.0	1	2
8977 9000	50.0	1	2
8978 8999	50.0	1	2
8980 8995	50.0	1	2
8983 8992	50.0	1	2
8984 8991	50.0	1	2
8985 8990	50.0	1	2
9229 9308	50.0	1	2
9268 9302	50.0	1	2
9269 9301	50.0	1	2
9270 9300	50.0	1	2
9271 9299	50.0	1	2
9272 9298	50.0	1	2
9273 9297	50.0	1	2
9274 9296	50.0	1	2
9275 9295	50.0	1	2
9277 9292	50.0	1	2
9278 9291	50.0	1	2
9279 9290	50.0	1	2
9534 9544	50.0	1	2
9581 9600	50.0	1	2
9589 9603	50.0	1	2
9591 9601	50.0	1	2
9608 9655	50.0	1	2
9609 9654	50.0	1	2
9610 9653	50.0	1	2
9611 9652	50.0	1	2
9612 9651	50.0	1	2
9613 9650	50.0	1	2
9614 9649	50.0	1	2
9620 9643	50.0	1	2
9621 9642	50.0	1	2
9623 9640	50.0	1	2
9624 9639	50.0	1	2
9625 9638	50.0	1	2
9626 9637	50.0	1	2
9627 9636	50.0	1	2
9628 9635	50.0	1	2
9667 9686	50.0	1	2
9668 9685	50.0	1	2
9669 9684	50.0	1	2
9670 9683	50.0	1	2
9671 9682	50.0	1	2
9672 9681	50.0	1	2
9673 9680	50.0	1	2
9692 9711	50.0	1	2
9693 9710	50.0	1	2
9694 9709	50.0	1	2
9695 9708	50.0	1	2
9697 9705	50.0	1	2
9698 9704	50.0	1	2
9944 9969	50.0	1	2
9946 9966	50.0	1	2
9947 9965	50.0	1	2
9949 9963	50.0	1	2
9950 9962	50.0	1	2
9951 9961	50.0	1	2
9952 9960	50.0	1	2
9953 9959	50.0	1	2
9978 10052	50.0	1	2
9979 10051	50.0	1	2
9980 10050	50.0	1	2
9981 10049	50.0	1	2
9982 10048	50.0	1	2
9983 10046	50.0	1	2
9984 10045	50.0	1	2
9985 10044	50.0	1	2
9986 10043	50.0	1	2
9987 10042	50.0	1	2
9988 10041	50.0	1	2
9989 10040	50.0	1	2
9991 10038	50.0	1	2
9992 10037	50.0	1	2
9993 10036	50.0	1	2
9994 10035	50.0	1	2
9995 10034	50.0	1	2
9999 10017	50.0	1	2
10000 10016	50.0	1	2
10002 10015	50.0	1	2
10003 10014	50.0	1	2
10004 10013	50.0	1	2
10005 10012	50.0	1	2
10018 10033	50.0	1	2
10019 10032	50.0	1	2
10020 10031	50.0	1	2
10021 10030	50.0	1	2
10022 10029	50.0	1	2
10067 10080	50.0	1	2
10068 10079	50.0	1	2
10095 10193	50.0	1	2
10096 10192	50.0	1	2
10097 10191	50.0	1	2
10099 10189	50.0	1	2
10100 10188	50.0	1	2
10101 10187	50.0	1	2
10102 10186	50.0	1	2
10103 10185	50.0	1	2
10104 10184	50.0	1	2
10105 10182	50.0	1	2
10106 10181	50.0	1	2
10111 10175	50.0	1	2
10112 10174	50.0	1	2
10113 10173	50.0	1	2
10114 10172	50.0	1	2
10116 10171	50.0	1	2
10118 10169	50.0	1	2
10119 10168	50.0	1	2
10120 10167	50.0	1	2
10127 10165	50.0	1	2
10129 10163	50.0	1	2
10130 10162	50.0	1	2
10131 10161	50.0	1	2
10132 10160	50.0	1	2
10133 10159	50.0	1	2
10134 10158	50.0	1	2
10137 10155	50.0	1	2
10138 10154	50.0	1	2
10140 10152	50.0	1	2
10141 10151	50.0	1	2
10142 10150	50.0	1	2
10143 10149	50.0	1	2
10144 10148	50.0	1	2
10255 10277	50.0	1	2
10256 10276	50.0	1	2
10290 10309	50.0	1	2
10291 10308	50.0	1	2
10292 10307	50.0	1	2
10293 10306	50.0	1	2
10327 10403	50.0	1	2
10330 10400	50.0	1	2
10331 10399	50.0	1	2
10332 10397	50.0	1	2
10333 10396	50.0	1	2
10334 10394	50.0	1	2
10335 10393	50.0	1	2
10337 10391	50.0	1	2
10338 10390	50.0	1	2
10339 10389	50.0	1	2
10340 10388	50.0	1	2
10341 10387	50.0	1	2
10342 10386	50.0	1	2
10347 10384	50.0	1	2
10348 10383	50.0	1	2
10349 10382	50.0	1	2
10350 10381	50.0	1	2
10351 10380	50.0	1	2
10352 10379	50.0	1	2
10353 10378	50.0	1	2
10354 10377	50.0	1	2
10356 10372	50.0	1	2
10357 10371	50.0	1	2
10358 10370	50.0	1	2
10360 10368	50.0	1	2
10361 10367	50.0	1	2
10362 10366	50.0	1	2
10485 10512	50.0	1	2
10486 10511	50.0	1	2
10487 10510	50.0	1	2
10488 10508	50.0	1	2
10489 10507	50.0	1	2
10490 10506	50.0	1	2
10491 10505	50.0	1	2
10492 10504	50.0	1	2
10493 10503	50.0	1	2
10513 10560	50.0	1	2
10514 10559	50.0	1	2
10515 10558	50.0	1	2
10516 10557	50.0	1	2
10517 10556	50.0	1	2
10518 10555	50.0	1	2
10519 10552	50.0	1	2
10520 10551	50.0	1	2
10521 10550	50.0	1	2
10522 10549	50.0	1	2
10524 10545	50.0	1	2
10525 10544	50.0	1	2
10528 10541	50.0	1	2
10529 10540	50.0	1	2
10530 10539	50.0	1	2
10531 10538	50.0	1	2
10577 10609	50.0	1	2
10578 10608	50.0	1	2
10586 10607	50.0	1	2
10587 10606	50.0	1	2
10588 10605	50.0	1	2
10589 10604	50.0	1	2
10590 10603	50.0	1	2
10591 10602	50.0	1	2
10592 10601	50.0	1	2
10868 10785	50.0	1	2
10867 10786	50.0	1	2
10866 10787	50.0	1	2
10865 10788	50.0	1	2
10864 10789	50.0	1	2
10861 10792	50.0	1	2
10860 10793	50.0	1	2
10859 10794	50.0	1	2
10857 10796	50.0	1	2
10856 10797	50.0	1	2
10855 10798	50.0	1	2
10854 10799	50.0	1	2
10853 10800	50.0	1	2
10852 10802	50.0	1	2
10851 10803	50.0	1	2
10850 10804	50.0	1	2
10848 10806	50.0	1	2
10847 10807	50.0	1	2
10846 10808	50.0	1	2
10845 10809	50.0	1	2
10844 10810	50.0	1	2
10843 10811	50.0	1	2
10842 10812	50.0	1	2
10841 10813	50.0	1	2
10840 10814	50.0	1	2
10839 10815	50.0	1	2
10838 10816	50.0	1	2
10831 10817	50.0	1	2
10830 10818	50.0	1	2
10829 10819	50.0	1	2
10828 10820	50.0	1	2
10827 10821	50.0	1	2
10869 10784	50.0	1	2
