125 135	50.0	1	2
126 134	50.0	1	2
127 133	50.0	1	2
128 132	50.0	1	2
136 234	50.0	1	2
137 233	50.0	1	2
138 232	50.0	1	2
139 231	50.0	1	2
140 230	50.0	1	2
142 227	50.0	1	2
143 226	50.0	1	2
144 225	50.0	1	2
145 224	50.0	1	2
146 168	50.0	1	2
147 167	50.0	1	2
149 165	50.0	1	2
150 164	50.0	1	2
151 163	50.0	1	2
152 162	50.0	1	2
153 161	50.0	1	2
154 160	50.0	1	2
155 159	50.0	1	2
187 229	50.0	1	2
188 228	50.0	1	2
197 222	50.0	1	2
198 221	50.0	1	2
201 218	50.0	1	2
202 217	50.0	1	2
203 216	50.0	1	2
204 215	50.0	1	2
205 214	50.0	1	2
206 213	50.0	1	2
238 293	50.0	1	2
239 292	50.0	1	2
241 290	50.0	1	2
242 289	50.0	1	2
243 288	50.0	1	2
244 287	50.0	1	2
247 284	50.0	1	2
248 283	50.0	1	2
249 282	50.0	1	2
250 281	50.0	1	2
252 279	50.0	1	2
253 278	50.0	1	2
254 277	50.0	1	2
255 276	50.0	1	2
257 275	50.0	1	2
258 274	50.0	1	2
259 273	50.0	1	2
452 527	50.0	1	2
453 526	50.0	1	2
454 525	50.0	1	2
455 524	50.0	1	2
456 523	50.0	1	2
457 522	50.0	1	2
458 521	50.0	1	2
459 520	50.0	1	2
460 519	50.0	1	2
463 516	50.0	1	2
464 515	50.0	1	2
586 594	50.0	1	2
919 1035	50.0	1	2
920 1034	50.0	1	2
921 1033	50.0	1	2
922 1032	50.0	1	2
923 1031	50.0	1	2
1415 1468	50.0	1	2
1416 1467	50.0	1	2
1417 1466	50.0	1	2
1418 1465	50.0	1	2
1419 1464	50.0	1	2
1420 1462	50.0	1	2
1421 1461	50.0	1	2
1422 1460	50.0	1	2
3268 3382	50.0	1	2
3269 3381	50.0	1	2
3270 3380	50.0	1	2
3271 3379	50.0	1	2
3273 3377	50.0	1	2
3274 3376	50.0	1	2
4119 4181	50.0	1	2
4120 4180	50.0	1	2
4121 4179	50.0	1	2
4122 4177	50.0	1	2
4123 4176	50.0	1	2
4124 4175	50.0	1	2
4125 4174	50.0	1	2
4126 4172	50.0	1	2
4127 4171	50.0	1	2
4128 4170	50.0	1	2
4129 4169	50.0	1	2
4130 4168	50.0	1	2
4131 4167	50.0	1	2
4132 4166	50.0	1	2
4136 4162	50.0	1	2
4137 4161	50.0	1	2
4182 4211	50.0	1	2
4183 4210	50.0	1	2
4184 4209	50.0	1	2
4186 4205	50.0	1	2
4187 4204	50.0	1	2
4188 4203	50.0	1	2
4189 4202	50.0	1	2
4190 4201	50.0	1	2
4191 4200	50.0	1	2
4192 4199	50.0	1	2
4533 4584	50.0	1	2
4534 4583	50.0	1	2
4537 4580	50.0	1	2
4538 4579	50.0	1	2
4540 4577	50.0	1	2
4541 4576	50.0	1	2
4542 4575	50.0	1	2
4544 4572	50.0	1	2
4545 4571	50.0	1	2
4546 4570	50.0	1	2
4550 4563	50.0	1	2
4551 4562	50.0	1	2
4552 4561	50.0	1	2
4553 4560	50.0	1	2
4554 4559	50.0	1	2
4585 4635	50.0	1	2
4586 4634	50.0	1	2
4587 4633	50.0	1	2
4588 4632	50.0	1	2
4589 4631	50.0	1	2
4590 4630	50.0	1	2
4591 4629	50.0	1	2
4592 4628	50.0	1	2
4595 4625	50.0	1	2
4596 4624	50.0	1	2
4598 4621	50.0	1	2
4599 4620	50.0	1	2
4600 4619	50.0	1	2
4601 4618	50.0	1	2
4602 4617	50.0	1	2
4603 4616	50.0	1	2
4604 4615	50.0	1	2
4605 4614	50.0	1	2
4606 4613	50.0	1	2
4607 4612	50.0	1	2
4729 4828	50.0	1	2
4730 4827	50.0	1	2
4733 4824	50.0	1	2
4734 4823	50.0	1	2
4735 4822	50.0	1	2
4736 4821	50.0	1	2
4737 4820	50.0	1	2
4738 4819	50.0	1	2
4739 4818	50.0	1	2
4740 4817	50.0	1	2
4747 4814	50.0	1	2
4748 4813	50.0	1	2
4749 4812	50.0	1	2
4750 4811	50.0	1	2
4751 4810	50.0	1	2
4752 4807	50.0	1	2
4753 4806	50.0	1	2
4754 4805	50.0	1	2
4755 4804	50.0	1	2
4762 4800	50.0	1	2
4763 4798	50.0	1	2
4764 4797	50.0	1	2
4765 4796	50.0	1	2
4766 4795	50.0	1	2
4778 4787	50.0	1	2
5660 5706	50.0	1	2
5661 5705	50.0	1	2
5662 5704	50.0	1	2
5663 5703	50.0	1	2
5665 5702	50.0	1	2
5666 5701	50.0	1	2
5667 5700	50.0	1	2
5668 5699	50.0	1	2
5670 5697	50.0	1	2
5671 5696	50.0	1	2
5674 5693	50.0	1	2
5675 5692	50.0	1	2
5676 5691	50.0	1	2
5677 5690	50.0	1	2
5679 5688	50.0	1	2
5680 5687	50.0	1	2
5681 5686	50.0	1	2
6795 6885	50.0	1	2
6797 6883	50.0	1	2
6798 6882	50.0	1	2
6799 6881	50.0	1	2
6804 6878	50.0	1	2
6815 6865	50.0	1	2
6816 6864	50.0	1	2
6817 6863	50.0	1	2
6818 6862	50.0	1	2
6819 6861	50.0	1	2
6820 6860	50.0	1	2
6821 6859	50.0	1	2
6822 6852	50.0	1	2
6823 6851	50.0	1	2
6824 6850	50.0	1	2
6825 6849	50.0	1	2
6826 6848	50.0	1	2
6828 6846	50.0	1	2
6829 6845	50.0	1	2
6830 6844	50.0	1	2
6831 6843	50.0	1	2
6832 6842	50.0	1	2
6833 6841	50.0	1	2
6834 6840	50.0	1	2
6891 6902	50.0	1	2
6892 6901	50.0	1	2
6893 6900	50.0	1	2
6894 6899	50.0	1	2
7726 7813	50.0	1	2
7727 7812	50.0	1	2
7942 8032	50.0	1	2
7943 8031	50.0	1	2
7946 8028	50.0	1	2
7947 8027	50.0	1	2
7948 8026	50.0	1	2
7949 8025	50.0	1	2
7951 8023	50.0	1	2
7953 8021	50.0	1	2
7954 8020	50.0	1	2
7955 8019	50.0	1	2
7956 8018	50.0	1	2
7957 8017	50.0	1	2
7958 8016	50.0	1	2
7959 8015	50.0	1	2
7962 8013	50.0	1	2
7963 8012	50.0	1	2
7964 8011	50.0	1	2
7965 8010	50.0	1	2
7966 8007	50.0	1	2
7967 8006	50.0	1	2
7968 8005	50.0	1	2
7972 8001	50.0	1	2
7973 8000	50.0	1	2
8205 8244	50.0	1	2
8206 8243	50.0	1	2
8207 8242	50.0	1	2
8208 8241	50.0	1	2
8209 8240	50.0	1	2
8210 8239	50.0	1	2
8211 8238	50.0	1	2
8215 8237	50.0	1	2
8216 8236	50.0	1	2
8217 8235	50.0	1	2
8218 8234	50.0	1	2
8219 8233	50.0	1	2
8220 8232	50.0	1	2
8221 8231	50.0	1	2
8222 8230	50.0	1	2
8245 8266	50.0	1	2
10033 10044	50.0	1	2
10034 10043	50.0	1	2
10035 10042	50.0	1	2
10056 10134	50.0	1	2
10057 10133	50.0	1	2
10058 10132	50.0	1	2
10060 10094	50.0	1	2
10061 10093	50.0	1	2
10062 10092	50.0	1	2
10063 10091	50.0	1	2
10064 10090	50.0	1	2
10065 10089	50.0	1	2
10066 10088	50.0	1	2
10095 10130	50.0	1	2
10096 10129	50.0	1	2
10097 10128	50.0	1	2
10098 10127	50.0	1	2
10099 10126	50.0	1	2
10101 10124	50.0	1	2
10102 10123	50.0	1	2
10103 10122	50.0	1	2
10106 10120	50.0	1	2
10107 10119	50.0	1	2
10493 10401	50.0	1	2
10494 10400	50.0	1	2
10495 10398	50.0	1	2
10496 10397	50.0	1	2
10497 10396	50.0	1	2
48 80	50.0	1	2
51 77	50.0	1	2
52 76	50.0	1	2
59 72	50.0	1	2
60 71	50.0	1	2
61 70	50.0	1	2
62 69	50.0	1	2
63 68	50.0	1	2
82 113	50.0	1	2
83 112	50.0	1	2
84 111	50.0	1	2
87 108	50.0	1	2
88 107	50.0	1	2
89 106	50.0	1	2
90 105	50.0	1	2
91 104	50.0	1	2
92 103	50.0	1	2
93 102	50.0	1	2
94 101	50.0	1	2
95 100	50.0	1	2
115 142	50.0	1	2
116 141	50.0	1	2
117 140	50.0	1	2
118 139	50.0	1	2
119 138	50.0	1	2
122 136	50.0	1	2
123 135	50.0	1	2
124 134	50.0	1	2
125 133	50.0	1	2
126 132	50.0	1	2
144 165	50.0	1	2
145 164	50.0	1	2
146 163	50.0	1	2
147 162	50.0	1	2
148 161	50.0	1	2
149 160	50.0	1	2
150 159	50.0	1	2
151 158	50.0	1	2
152 157	50.0	1	2
179 228	50.0	1	2
180 227	50.0	1	2
181 226	50.0	1	2
182 225	50.0	1	2
183 224	50.0	1	2
185 222	50.0	1	2
186 221	50.0	1	2
191 217	50.0	1	2
192 216	50.0	1	2
193 215	50.0	1	2
194 214	50.0	1	2
195 204	50.0	1	2
196 203	50.0	1	2
197 202	50.0	1	2
240 300	50.0	1	2
241 299	50.0	1	2
242 298	50.0	1	2
243 297	50.0	1	2
244 296	50.0	1	2
245 295	50.0	1	2
246 294	50.0	1	2
247 293	50.0	1	2
248 292	50.0	1	2
249 291	50.0	1	2
250 290	50.0	1	2
256 287	50.0	1	2
257 286	50.0	1	2
258 285	50.0	1	2
259 284	50.0	1	2
260 283	50.0	1	2
261 282	50.0	1	2
262 281	50.0	1	2
265 278	50.0	1	2
266 277	50.0	1	2
267 276	50.0	1	2
268 275	50.0	1	2
269 274	50.0	1	2
303 310	50.0	1	2
311 336	50.0	1	2
312 335	50.0	1	2
313 334	50.0	1	2
314 333	50.0	1	2
315 332	50.0	1	2
316 331	50.0	1	2
317 330	50.0	1	2
318 329	50.0	1	2
319 328	50.0	1	2
320 327	50.0	1	2
387 477	50.0	1	2
389 475	50.0	1	2
390 474	50.0	1	2
391 473	50.0	1	2
392 472	50.0	1	2
395 468	50.0	1	2
396 467	50.0	1	2
397 466	50.0	1	2
774 843	50.0	1	2
775 842	50.0	1	2
778 839	50.0	1	2
845 881	50.0	1	2
846 880	50.0	1	2
847 879	50.0	1	2
848 878	50.0	1	2
849 877	50.0	1	2
850 876	50.0	1	2
851 875	50.0	1	2
852 874	50.0	1	2
853 873	50.0	1	2
854 872	50.0	1	2
855 871	50.0	1	2
857 870	50.0	1	2
858 869	50.0	1	2
859 868	50.0	1	2
884 907	50.0	1	2
885 906	50.0	1	2
886 905	50.0	1	2
888 904	50.0	1	2
889 903	50.0	1	2
891 902	50.0	1	2
892 901	50.0	1	2
893 900	50.0	1	2
1396 1428	50.0	1	2
1397 1427	50.0	1	2
1398 1426	50.0	1	2
1431 1464	50.0	1	2
1432 1463	50.0	1	2
1433 1462	50.0	1	2
1434 1461	50.0	1	2
1435 1460	50.0	1	2
1436 1459	50.0	1	2
1437 1458	50.0	1	2
1438 1456	50.0	1	2
1439 1455	50.0	1	2
1440 1454	50.0	1	2
1441 1453	50.0	1	2
1442 1452	50.0	1	2
1443 1451	50.0	1	2
1444 1450	50.0	1	2
1466 1476	50.0	1	2
1467 1475	50.0	1	2
1468 1474	50.0	1	2
1469 1473	50.0	1	2
5288 5377	50.0	1	2
5289 5376	50.0	1	2
5290 5375	50.0	1	2
5291 5374	50.0	1	2
5292 5373	50.0	1	2
5293 5372	50.0	1	2
5294 5371	50.0	1	2
5296 5369	50.0	1	2
5297 5368	50.0	1	2
5299 5366	50.0	1	2
5300 5365	50.0	1	2
5302 5330	50.0	1	2
5303 5329	50.0	1	2
5304 5328	50.0	1	2
5305 5326	50.0	1	2
5306 5325	50.0	1	2
5307 5324	50.0	1	2
5312 5319	50.0	1	2
5313 5318	50.0	1	2
5494 5534	50.0	1	2
5495 5533	50.0	1	2
5498 5529	50.0	1	2
5499 5528	50.0	1	2
5500 5527	50.0	1	2
5501 5526	50.0	1	2
5502 5525	50.0	1	2
5503 5524	50.0	1	2
5504 5523	50.0	1	2
5505 5522	50.0	1	2
5510 5518	50.0	1	2
5511 5517	50.0	1	2
5886 5929	50.0	1	2
5958 5985	50.0	1	2
5959 5984	50.0	1	2
5960 5983	50.0	1	2
5961 5982	50.0	1	2
5962 5981	50.0	1	2
5963 5980	50.0	1	2
5964 5979	50.0	1	2
5965 5978	50.0	1	2
5966 5977	50.0	1	2
5967 5976	50.0	1	2
5968 5975	50.0	1	2
5986 6038	50.0	1	2
5987 6037	50.0	1	2
5988 6036	50.0	1	2
5995 6035	50.0	1	2
5996 6034	50.0	1	2
5997 6033	50.0	1	2
6215 6269	50.0	1	2
6216 6268	50.0	1	2
6217 6267	50.0	1	2
6218 6266	50.0	1	2
6219 6264	50.0	1	2
6220 6263	50.0	1	2
6221 6262	50.0	1	2
6222 6261	50.0	1	2
6223 6260	50.0	1	2
6224 6259	50.0	1	2
6226 6257	50.0	1	2
6227 6256	50.0	1	2
6228 6255	50.0	1	2
6229 6254	50.0	1	2
6230 6253	50.0	1	2
6231 6247	50.0	1	2
6232 6246	50.0	1	2
6233 6245	50.0	1	2
6234 6244	50.0	1	2
6710 6819	50.0	1	2
6711 6818	50.0	1	2
6712 6817	50.0	1	2
6715 6814	50.0	1	2
6716 6813	50.0	1	2
6717 6812	50.0	1	2
6718 6811	50.0	1	2
6719 6810	50.0	1	2
6720 6809	50.0	1	2
6864 6976	50.0	1	2
6865 6975	50.0	1	2
6866 6974	50.0	1	2
6872 6969	50.0	1	2
6873 6968	50.0	1	2
6874 6967	50.0	1	2
6875 6966	50.0	1	2
6876 6965	50.0	1	2
6877 6964	50.0	1	2
8102 8190	50.0	1	2
8103 8189	50.0	1	2
8104 8187	50.0	1	2
8105 8186	50.0	1	2
8106 8185	50.0	1	2
8107 8184	50.0	1	2
8108 8183	50.0	1	2
8109 8182	50.0	1	2
8110 8181	50.0	1	2
8111 8180	50.0	1	2
8112 8179	50.0	1	2
8113 8175	50.0	1	2
8114 8174	50.0	1	2
8115 8173	50.0	1	2
8116 8172	50.0	1	2
8117 8171	50.0	1	2
8118 8169	50.0	1	2
8119 8168	50.0	1	2
8120 8167	50.0	1	2
8121 8166	50.0	1	2
8122 8165	50.0	1	2
8123 8164	50.0	1	2
8124 8163	50.0	1	2
8125 8162	50.0	1	2
8126 8159	50.0	1	2
8127 8158	50.0	1	2
8128 8157	50.0	1	2
8132 8153	50.0	1	2
8133 8152	50.0	1	2
8134 8151	50.0	1	2
8136 8149	50.0	1	2
8926 9030	50.0	1	2
8927 9029	50.0	1	2
8928 9028	50.0	1	2
8929 9027	50.0	1	2
8931 9024	50.0	1	2
8932 9022	50.0	1	2
8933 9021	50.0	1	2
9978 10052	50.0	1	2
9979 10051	50.0	1	2
9980 10050	50.0	1	2
9981 10049	50.0	1	2
9982 10048	50.0	1	2
9983 10046	50.0	1	2
10095 10193	50.0	1	2
10096 10192	50.0	1	2
10097 10191	50.0	1	2
10099 10189	50.0	1	2
10100 10188	50.0	1	2
10101 10187	50.0	1	2
10102 10186	50.0	1	2
10103 10185	50.0	1	2
10104 10184	50.0	1	2
10105 10182	50.0	1	2
10106 10181	50.0	1	2
10111 10175	50.0	1	2
10112 10174	50.0	1	2
10113 10173	50.0	1	2
10114 10172	50.0	1	2
10116 10171	50.0	1	2
10118 10169	50.0	1	2
10119 10168	50.0	1	2
10120 10167	50.0	1	2
10327 10403	50.0	1	2
10330 10400	50.0	1	2
10331 10399	50.0	1	2
10332 10397	50.0	1	2
10333 10396	50.0	1	2
10334 10394	50.0	1	2
10868 10785	50.0	1	2
10867 10786	50.0	1	2
10866 10787	50.0	1	2
10865 10788	50.0	1	2
10864 10789	50.0	1	2
10861 10792	50.0	1	2
10860 10793	50.0	1	2
10859 10794	50.0	1	2
10857 10796	50.0	1	2
10856 10797	50.0	1	2
10855 10798	50.0	1	2
10854 10799	50.0	1	2
10853 10800	50.0	1	2
10852 10802	50.0	1	2
10851 10803	50.0	1	2
10850 10804	50.0	1	2
10848 10806	50.0	1	2
10847 10807	50.0	1	2
10846 10808	50.0	1	2
10845 10809	50.0	1	2
10844 10810	50.0	1	2
10843 10811	50.0	1	2
10842 10812	50.0	1	2
10841 10813	50.0	1	2
10840 10814	50.0	1	2
10839 10815	50.0	1	2
10838 10816	50.0	1	2
10869 10784	50.0	1	2
