7 145	28.6	2	7
8 144	28.6	2	7
9 143	28.6	2	7
10 142	14.3	1	7
11 141	14.3	1	7
13 85	14.3	1	7
14 84	14.3	1	7
15 83	14.3	1	7
16 82	14.3	1	7
17 81	14.3	1	7
47 72	28.6	2	7
48 71	28.6	2	7
50 69	85.7	6	7
51 68	85.7	6	7
52 67	85.7	6	7
53 66	85.7	6	7
54 65	85.7	6	7
55 64	85.7	6	7
690 767	14.3	1	7
691 766	14.3	1	7
692 763	14.3	1	7
693 762	14.3	1	7
696 759	14.3	1	7
697 758	14.3	1	7
701 754	14.3	1	7
703 752	14.3	1	7
704 751	14.3	1	7
705 750	14.3	1	7
706 749	14.3	1	7
707 748	14.3	1	7
708 747	14.3	1	7
709 746	14.3	1	7
710 745	14.3	1	7
711 741	14.3	1	7
713 739	14.3	1	7
714 738	14.3	1	7
715 737	14.3	1	7
716 736	14.3	1	7
717 734	14.3	1	7
718 733	14.3	1	7
720 731	14.3	1	7
721 730	14.3	1	7
722 729	14.3	1	7
723 728	14.3	1	7
780 799	14.3	1	7
783 796	14.3	1	7
784 795	14.3	1	7
785 794	14.3	1	7
911 1031	14.3	1	7
920 987	14.3	1	7
921 986	14.3	1	7
922 985	14.3	1	7
923 984	14.3	1	7
925 983	14.3	1	7
926 982	14.3	1	7
927 981	14.3	1	7
928 980	14.3	1	7
929 979	14.3	1	7
930 978	14.3	1	7
931 977	14.3	1	7
937 975	14.3	1	7
938 974	14.3	1	7
939 973	14.3	1	7
940 972	14.3	1	7
941 971	14.3	1	7
942 970	14.3	1	7
943 969	14.3	1	7
944 968	14.3	1	7
945 967	14.3	1	7
946 966	14.3	1	7
947 965	14.3	1	7
949 963	14.3	1	7
950 962	14.3	1	7
951 961	14.3	1	7
993 1022	14.3	1	7
994 1021	14.3	1	7
995 1020	14.3	1	7
996 1019	14.3	1	7
997 1018	14.3	1	7
998 1002	14.3	1	7
2492 2515	14.3	1	7
2493 2514	14.3	1	7
2494 2513	14.3	1	7
2497 2510	14.3	1	7
2498 2509	14.3	1	7
2499 2508	14.3	1	7
2500 2507	14.3	1	7
2501 2506	14.3	1	7
2517 2565	14.3	1	7
2518 2564	14.3	1	7
2519 2563	14.3	1	7
2520 2562	14.3	1	7
2525 2561	14.3	1	7
2526 2560	14.3	1	7
2528 2558	14.3	1	7
2529 2557	14.3	1	7
2531 2556	14.3	1	7
2532 2555	14.3	1	7
2533 2554	14.3	1	7
2535 2553	14.3	1	7
2536 2552	14.3	1	7
2537 2551	14.3	1	7
2538 2550	14.3	1	7
2539 2549	14.3	1	7
2540 2548	14.3	1	7
2541 2547	14.3	1	7
2542 2546	14.3	1	7
2569 2612	14.3	1	7
2570 2611	14.3	1	7
2571 2610	14.3	1	7
2573 2603	14.3	1	7
2574 2602	14.3	1	7
2575 2601	14.3	1	7
2576 2600	14.3	1	7
2577 2599	14.3	1	7
2578 2598	14.3	1	7
2579 2597	14.3	1	7
2580 2596	14.3	1	7
2581 2595	14.3	1	7
2582 2594	14.3	1	7
2583 2593	14.3	1	7
2584 2592	14.3	1	7
3406 3502	14.3	1	7
3408 3500	14.3	1	7
3409 3499	14.3	1	7
3410 3498	14.3	1	7
3419 3490	14.3	1	7
3420 3489	14.3	1	7
3627 3704	14.3	1	7
3628 3703	14.3	1	7
3629 3702	14.3	1	7
3634 3701	14.3	1	7
3635 3700	14.3	1	7
3636 3699	14.3	1	7
3637 3698	14.3	1	7
3641 3694	14.3	1	7
3646 3691	14.3	1	7
3647 3690	14.3	1	7
3648 3689	14.3	1	7
3649 3688	14.3	1	7
3651 3686	14.3	1	7
3652 3685	14.3	1	7
3653 3684	14.3	1	7
3654 3683	14.3	1	7
3656 3681	14.3	1	7
3657 3680	14.3	1	7
3658 3679	14.3	1	7
3659 3678	14.3	1	7
3660 3677	14.3	1	7
3939 4094	14.3	1	7
3940 4093	14.3	1	7
3941 4092	14.3	1	7
3942 4091	14.3	1	7
3952 4089	14.3	1	7
4228 4304	14.3	1	7
4229 4303	14.3	1	7
4230 4302	14.3	1	7
4231 4301	14.3	1	7
4237 4300	14.3	1	7
4239 4298	14.3	1	7
4240 4297	14.3	1	7
4241 4296	14.3	1	7
4242 4295	14.3	1	7
4361 4402	14.3	1	7
4362 4401	14.3	1	7
4363 4400	14.3	1	7
4364 4399	14.3	1	7
4365 4389	14.3	1	7
4366 4388	14.3	1	7
4367 4387	14.3	1	7
4368 4386	14.3	1	7
4369 4384	14.3	1	7
4370 4383	14.3	1	7
4371 4382	14.3	1	7
4372 4381	14.3	1	7
4373 4380	14.3	1	7
4374 4379	14.3	1	7
4447 4483	14.3	1	7
4448 4482	14.3	1	7
4452 4479	14.3	1	7
4453 4478	14.3	1	7
4454 4477	14.3	1	7
4455 4476	14.3	1	7
4457 4474	14.3	1	7
4458 4473	14.3	1	7
4459 4472	14.3	1	7
4460 4471	14.3	1	7
4461 4470	14.3	1	7
4462 4469	14.3	1	7
4463 4468	14.3	1	7
4832 4950	14.3	1	7
4833 4949	14.3	1	7
4834 4948	14.3	1	7
5047 5130	14.3	1	7
5048 5129	14.3	1	7
5049 5128	14.3	1	7
5052 5125	14.3	1	7
5053 5124	14.3	1	7
5054 5123	14.3	1	7
5090 5120	14.3	1	7
5091 5119	28.6	2	7
5092 5117	14.3	1	7
5093 5116	28.6	2	7
5094 5115	28.6	2	7
5095 5114	28.6	2	7
5096 5113	28.6	2	7
5097 5112	28.6	2	7
5098 5111	28.6	2	7
5099 5110	28.6	2	7
5100 5109	28.6	2	7
5101 5108	28.6	2	7
5564 5663	14.3	1	7
5565 5662	14.3	1	7
5566 5661	14.3	1	7
5567 5660	14.3	1	7
5575 5669	14.3	1	7
5590 5639	14.3	1	7
5591 5638	14.3	1	7
5592 5637	14.3	1	7
5593 5636	14.3	1	7
5594 5635	14.3	1	7
5595 5634	14.3	1	7
5596 5628	14.3	1	7
5597 5627	14.3	1	7
5599 5623	14.3	1	7
5600 5622	14.3	1	7
6204 6257	14.3	1	7
6205 6256	14.3	1	7
6206 6255	14.3	1	7
6207 6254	14.3	1	7
6209 6253	14.3	1	7
6210 6252	14.3	1	7
6211 6251	14.3	1	7
6212 6250	14.3	1	7
6213 6249	14.3	1	7
6215 6248	14.3	1	7
6216 6247	14.3	1	7
6217 6246	14.3	1	7
6218 6245	14.3	1	7
6221 6242	14.3	1	7
6222 6241	14.3	1	7
6223 6240	14.3	1	7
6224 6239	14.3	1	7
6226 6237	14.3	1	7
6227 6236	14.3	1	7
6228 6235	14.3	1	7
6261 6282	14.3	1	7
6262 6281	14.3	1	7
6263 6280	14.3	1	7
6264 6279	14.3	1	7
6265 6278	14.3	1	7
6266 6277	14.3	1	7
6267 6276	14.3	1	7
6268 6275	14.3	1	7
6269 6274	14.3	1	7
6297 6304	14.3	1	7
6671 6744	14.3	1	7
6672 6743	14.3	1	7
6673 6742	14.3	1	7
6674 6741	14.3	1	7
6675 6740	14.3	1	7
6676 6739	14.3	1	7
6683 6733	14.3	1	7
6684 6732	14.3	1	7
6686 6730	14.3	1	7
6687 6729	14.3	1	7
6688 6728	14.3	1	7
7374 7437	14.3	1	7
7375 7436	14.3	1	7
7376 7435	14.3	1	7
7377 7434	14.3	1	7
7378 7433	14.3	1	7
7379 7432	14.3	1	7
7380 7431	14.3	1	7
7381 7430	14.3	1	7
7382 7429	14.3	1	7
7383 7428	14.3	1	7
7384 7427	14.3	1	7
7385 7426	14.3	1	7
7386 7425	14.3	1	7
7388 7423	14.3	1	7
7389 7422	14.3	1	7
7390 7421	14.3	1	7
7391 7420	14.3	1	7
7392 7419	14.3	1	7
7393 7413	14.3	1	7
7394 7412	14.3	1	7
7395 7410	14.3	1	7
7396 7409	14.3	1	7
7397 7408	14.3	1	7
7398 7407	14.3	1	7
7399 7406	14.3	1	7
7444 7461	14.3	1	7
7445 7460	14.3	1	7
7446 7459	14.3	1	7
7447 7458	14.3	1	7
7450 7455	14.3	1	7
7564 7607	14.3	1	7
7565 7606	14.3	1	7
7566 7605	14.3	1	7
7567 7604	14.3	1	7
7568 7603	14.3	1	7
7569 7602	14.3	1	7
7570 7601	14.3	1	7
7571 7600	14.3	1	7
7572 7599	14.3	1	7
7575 7596	14.3	1	7
7576 7595	14.3	1	7
7577 7593	28.6	2	7
7578 7592	28.6	2	7
7579 7591	28.6	2	7
7580 7590	28.6	2	7
8354 8431	14.3	1	7
8355 8430	14.3	1	7
8356 8429	14.3	1	7
8357 8428	14.3	1	7
8358 8427	14.3	1	7
8362 8426	14.3	1	7
8363 8425	14.3	1	7
8364 8424	14.3	1	7
8365 8423	14.3	1	7
8366 8422	14.3	1	7
9184 9198	14.3	1	7
9185 9197	14.3	1	7
9186 9196	14.3	1	7
9187 9195	14.3	1	7
9253 9365	14.3	1	7
9254 9364	14.3	1	7
9255 9363	14.3	1	7
9256 9362	14.3	1	7
9458 9553	14.3	1	7
9459 9552	14.3	1	7
9460 9551	14.3	1	7
9463 9548	14.3	1	7
9464 9547	14.3	1	7
9792 9894	14.3	1	7
9793 9893	14.3	1	7
9795 9891	14.3	1	7
9796 9890	14.3	1	7
9797 9888	14.3	1	7
9798 9887	14.3	1	7
9799 9886	14.3	1	7
9802 9885	14.3	1	7
9803 9884	14.3	1	7
9804 9883	14.3	1	7
9805 9882	14.3	1	7
9806 9881	14.3	1	7
9807 9880	14.3	1	7
9808 9879	14.3	1	7
9814 9869	14.3	1	7
9815 9868	14.3	1	7
9817 9864	28.6	2	7
9818 9863	28.6	2	7
9819 9862	28.6	2	7
9820 9861	14.3	1	7
9821 9860	28.6	2	7
9822 9859	28.6	2	7
9824 9857	28.6	2	7
9825 9856	28.6	2	7
9826 9855	28.6	2	7
9827 9854	28.6	2	7
9830 9852	14.3	1	7
9831 9851	14.3	1	7
9832 9850	14.3	1	7
9833 9849	14.3	1	7
9834 9845	14.3	1	7
9835 9844	14.3	1	7
9836 9843	14.3	1	7
9837 9842	14.3	1	7
9898 9909	14.3	1	7
9899 9908	14.3	1	7
11448 11319	14.3	1	7
26 37	14.3	1	7
27 36	14.3	1	7
28 35	14.3	1	7
29 34	14.3	1	7
8 32	14.3	1	7
43 66	14.3	1	7
44 65	14.3	1	7
45 64	14.3	1	7
46 63	14.3	1	7
47 62	14.3	1	7
48 61	14.3	1	7
49 57	14.3	1	7
50 56	14.3	1	7
67 82	14.3	1	7
68 81	14.3	1	7
69 80	14.3	1	7
70 79	14.3	1	7
91 136	14.3	1	7
99 134	14.3	1	7
100 133	14.3	1	7
101 132	14.3	1	7
102 131	14.3	1	7
103 130	14.3	1	7
104 129	14.3	1	7
106 127	14.3	1	7
107 126	14.3	1	7
203 228	14.3	1	7
204 227	14.3	1	7
205 226	14.3	1	7
206 225	14.3	1	7
207 224	14.3	1	7
208 223	14.3	1	7
209 222	14.3	1	7
210 221	14.3	1	7
211 220	14.3	1	7
230 258	14.3	1	7
231 257	14.3	1	7
234 254	14.3	1	7
235 253	14.3	1	7
236 252	14.3	1	7
238 250	14.3	1	7
239 249	14.3	1	7
240 248	14.3	1	7
293 366	14.3	1	7
294 365	14.3	1	7
296 363	14.3	1	7
297 362	14.3	1	7
298 361	14.3	1	7
299 360	14.3	1	7
300 359	14.3	1	7
301 358	14.3	1	7
302 357	14.3	1	7
303 356	14.3	1	7
304 355	14.3	1	7
305 354	14.3	1	7
306 353	14.3	1	7
307 351	14.3	1	7
308 350	14.3	1	7
309 349	14.3	1	7
310 348	14.3	1	7
311 347	14.3	1	7
312 345	14.3	1	7
313 344	14.3	1	7
315 342	14.3	1	7
2911 3096	14.3	1	7
3901 4009	14.3	1	7
3902 4008	14.3	1	7
3903 4007	14.3	1	7
3904 4006	14.3	1	7
3905 4005	14.3	1	7
3906 4004	14.3	1	7
3907 4003	14.3	1	7
3908 4002	14.3	1	7
3909 4001	14.3	1	7
3910 4000	14.3	1	7
3911 3999	14.3	1	7
3912 3998	14.3	1	7
3913 3974	14.3	1	7
3914 3973	14.3	1	7
3915 3972	14.3	1	7
5449 5565	14.3	1	7
5450 5564	14.3	1	7
5452 5563	14.3	1	7
5453 5562	14.3	1	7
5677 5688	14.3	1	7
5691 5791	14.3	1	7
5692 5790	14.3	1	7
5693 5789	14.3	1	7
5697 5785	14.3	1	7
5698 5784	14.3	1	7
5699 5783	14.3	1	7
5700 5782	14.3	1	7
5701 5781	14.3	1	7
5703 5779	14.3	1	7
5704 5778	14.3	1	7
5706 5776	14.3	1	7
5707 5775	14.3	1	7
5708 5774	14.3	1	7
5720 5773	14.3	1	7
5721 5772	14.3	1	7
5722 5771	14.3	1	7
5723 5770	14.3	1	7
5724 5769	14.3	1	7
5725 5768	14.3	1	7
5726 5767	14.3	1	7
5727 5766	14.3	1	7
5729 5764	14.3	1	7
5730 5763	14.3	1	7
5731 5762	14.3	1	7
6144 6211	14.3	1	7
6145 6210	14.3	1	7
6146 6209	14.3	1	7
6147 6208	14.3	1	7
6148 6207	14.3	1	7
6149 6206	14.3	1	7
6151 6204	14.3	1	7
6152 6203	14.3	1	7
6153 6202	14.3	1	7
6162 6199	14.3	1	7
6163 6198	14.3	1	7
6164 6197	14.3	1	7
6165 6196	14.3	1	7
6166 6195	14.3	1	7
6167 6194	14.3	1	7
6168 6193	14.3	1	7
6169 6192	14.3	1	7
6170 6191	14.3	1	7
6171 6190	14.3	1	7
6172 6189	14.3	1	7
6173 6188	14.3	1	7
6174 6187	14.3	1	7
6175 6186	14.3	1	7
6176 6185	14.3	1	7
6177 6184	14.3	1	7
6219 6239	14.3	1	7
6220 6238	14.3	1	7
6222 6235	14.3	1	7
6223 6234	14.3	1	7
6394 6504	14.3	1	7
6395 6503	14.3	1	7
6396 6502	14.3	1	7
6397 6501	14.3	1	7
6399 6499	14.3	1	7
6401 6497	14.3	1	7
6595 6649	14.3	1	7
6596 6648	14.3	1	7
6597 6647	14.3	1	7
6598 6646	14.3	1	7
6599 6645	14.3	1	7
6600 6644	14.3	1	7
6636 6643	14.3	1	7
6637 6642	14.3	1	7
7851 7902	14.3	1	7
7852 7901	14.3	1	7
7853 7900	14.3	1	7
7854 7899	14.3	1	7
7855 7898	14.3	1	7
7856 7891	14.3	1	7
7857 7890	14.3	1	7
7858 7889	14.3	1	7
7859 7888	14.3	1	7
7860 7887	14.3	1	7
7861 7886	14.3	1	7
7862 7885	14.3	1	7
7863 7884	14.3	1	7
7864 7883	14.3	1	7
7865 7882	14.3	1	7
7866 7881	14.3	1	7
7868 7879	14.3	1	7
7869 7878	14.3	1	7
8462 8596	14.3	1	7
8463 8595	14.3	1	7
8464 8594	14.3	1	7
8465 8593	14.3	1	7
8466 8592	14.3	1	7
10213 10295	14.3	1	7
10214 10294	14.3	1	7
10215 10293	14.3	1	7
10216 10292	14.3	1	7
10217 10291	14.3	1	7
10218 10290	14.3	1	7
10219 10289	14.3	1	7
10220 10288	14.3	1	7
10221 10284	14.3	1	7
10224 10281	14.3	1	7
10225 10280	14.3	1	7
10226 10279	14.3	1	7
10227 10278	14.3	1	7
10228 10277	14.3	1	7
10233 10266	14.3	1	7
10234 10265	14.3	1	7
10235 10264	14.3	1	7
10237 10263	14.3	1	7
10238 10262	14.3	1	7
10239 10261	14.3	1	7
10240 10260	14.3	1	7
10242 10258	14.3	1	7
10243 10257	14.3	1	7
10244 10256	14.3	1	7
10245 10255	14.3	1	7
10246 10254	14.3	1	7
10247 10253	14.3	1	7
10974 11051	14.3	1	7
10975 11050	14.3	1	7
10976 11048	14.3	1	7
10977 11047	14.3	1	7
10981 11043	14.3	1	7
10983 11041	14.3	1	7
10984 11040	14.3	1	7
10985 11039	14.3	1	7
10986 11038	14.3	1	7
10987 11037	14.3	1	7
10989 11035	14.3	1	7
10990 11034	14.3	1	7
10991 11033	14.3	1	7
10992 11032	14.3	1	7
10993 11031	14.3	1	7
10995 11028	14.3	1	7
10996 11027	14.3	1	7
10997 11026	14.3	1	7
10998 11025	14.3	1	7
11003 11020	14.3	1	7
11004 11019	14.3	1	7
11005 11018	14.3	1	7
11006 11017	14.3	1	7
11007 11016	14.3	1	7
11008 11015	14.3	1	7
11009 11014	14.3	1	7
11343 11270	14.3	1	7
11342 11271	14.3	1	7
11341 11272	14.3	1	7
11340 11273	14.3	1	7
11339 11274	14.3	1	7
11337 11276	14.3	1	7
11336 11277	14.3	1	7
11335 11278	14.3	1	7
11334 11279	14.3	1	7
11333 11280	14.3	1	7
11322 11282	14.3	1	7
11321 11283	14.3	1	7
11319 11285	14.3	1	7
11318 11286	14.3	1	7
11317 11287	14.3	1	7
11315 11289	14.3	1	7
11296 11312	14.3	1	7
11297 11311	14.3	1	7
11298 11310	14.3	1	7
11299 11309	14.3	1	7
11300 11308	14.3	1	7
11301 11307	14.3	1	7
11433 11316	14.3	1	7
11367 11348	14.3	1	7
11366 11349	14.3	1	7
11413 11371	14.3	1	7
11412 11372	14.3	1	7
11408 11376	14.3	1	7
3 17	14.3	1	7
4 16	14.3	1	7
6 146	14.3	1	7
15 142	14.3	1	7
18 139	14.3	1	7
20 134	14.3	1	7
43 131	14.3	1	7
44 130	14.3	1	7
45 129	14.3	1	7
56 63	57.1	4	7
83 102	28.6	2	7
84 101	28.6	2	7
91 133	42.9	3	7
92 132	42.9	3	7
105 122	57.1	4	7
106 121	57.1	4	7
107 120	42.9	3	7
108 119	57.1	4	7
109 118	57.1	4	7
110 117	57.1	4	7
676 772	14.3	1	7
677 765	14.3	1	7
678 764	14.3	1	7
679 763	14.3	1	7
680 762	14.3	1	7
681 761	14.3	1	7
682 760	14.3	1	7
683 759	14.3	1	7
685 756	14.3	1	7
686 755	14.3	1	7
687 754	14.3	1	7
688 753	14.3	1	7
689 752	14.3	1	7
690 751	14.3	1	7
692 749	14.3	1	7
693 748	14.3	1	7
694 747	14.3	1	7
697 741	14.3	1	7
698 740	14.3	1	7
699 739	14.3	1	7
700 738	14.3	1	7
701 737	14.3	1	7
702 736	14.3	1	7
1150 1269	14.3	1	7
1151 1268	14.3	1	7
1158 1202	14.3	1	7
1159 1201	14.3	1	7
1160 1200	14.3	1	7
1161 1199	14.3	1	7
1162 1198	14.3	1	7
1163 1197	14.3	1	7
1164 1196	14.3	1	7
1165 1195	14.3	1	7
1166 1194	14.3	1	7
1167 1193	14.3	1	7
1169 1192	14.3	1	7
1170 1191	14.3	1	7
1171 1190	14.3	1	7
1172 1189	14.3	1	7
1173 1188	14.3	1	7
1175 1186	14.3	1	7
1176 1185	14.3	1	7
1177 1184	14.3	1	7
1178 1183	14.3	1	7
1309 1396	14.3	1	7
1310 1395	14.3	1	7
1311 1394	14.3	1	7
1314 1391	14.3	1	7
1316 1388	14.3	1	7
1319 1385	14.3	1	7
1320 1384	14.3	1	7
1321 1383	14.3	1	7
1322 1381	14.3	1	7
1323 1380	14.3	1	7
1324 1379	14.3	1	7
3136 3335	14.3	1	7
4081 4189	14.3	1	7
4082 4188	14.3	1	7
4083 4187	14.3	1	7
4781 4869	14.3	1	7
4782 4868	14.3	1	7
4783 4867	14.3	1	7
4784 4866	14.3	1	7
4789 4856	14.3	1	7
4790 4855	14.3	1	7
4791 4854	14.3	1	7
4792 4853	14.3	1	7
4793 4852	14.3	1	7
4794 4851	14.3	1	7
4795 4850	14.3	1	7
4796 4849	14.3	1	7
4797 4848	14.3	1	7
4799 4846	14.3	1	7
4800 4845	14.3	1	7
4801 4844	14.3	1	7
4802 4843	14.3	1	7
4803 4839	14.3	1	7
4804 4838	14.3	1	7
4805 4836	14.3	1	7
4806 4835	14.3	1	7
4828 4834	14.3	1	7
4829 4833	14.3	1	7
4872 4896	14.3	1	7
4873 4895	14.3	1	7
4875 4893	14.3	1	7
4876 4892	14.3	1	7
4877 4891	14.3	1	7
4878 4890	14.3	1	7
4879 4889	14.3	1	7
4880 4888	14.3	1	7
4881 4887	14.3	1	7
4882 4886	14.3	1	7
5003 5028	14.3	1	7
5004 5027	14.3	1	7
5005 5026	14.3	1	7
5089 5125	14.3	1	7
5092 5118	14.3	1	7
5102 5107	14.3	1	7
5390 5443	14.3	1	7
5391 5442	14.3	1	7
5392 5441	14.3	1	7
5393 5440	14.3	1	7
5394 5439	14.3	1	7
5395 5438	14.3	1	7
5396 5437	14.3	1	7
5398 5435	14.3	1	7
5399 5434	14.3	1	7
5400 5433	14.3	1	7
5403 5432	14.3	1	7
5404 5431	14.3	1	7
5405 5430	14.3	1	7
5406 5429	14.3	1	7
5407 5428	14.3	1	7
5408 5427	14.3	1	7
5409 5426	14.3	1	7
5410 5425	14.3	1	7
5411 5424	14.3	1	7
5412 5423	14.3	1	7
5413 5422	14.3	1	7
5414 5421	14.3	1	7
5415 5420	14.3	1	7
5762 5838	14.3	1	7
5763 5837	14.3	1	7
5764 5836	14.3	1	7
5765 5835	14.3	1	7
5766 5834	14.3	1	7
5767 5833	14.3	1	7
5768 5828	14.3	1	7
5769 5827	14.3	1	7
5770 5826	14.3	1	7
5771 5825	14.3	1	7
5772 5824	14.3	1	7
5773 5823	14.3	1	7
5777 5822	14.3	1	7
5778 5821	14.3	1	7
5780 5819	14.3	1	7
5781 5818	14.3	1	7
5782 5817	14.3	1	7
5783 5816	14.3	1	7
5784 5815	14.3	1	7
5785 5814	14.3	1	7
5786 5813	14.3	1	7
5789 5811	14.3	1	7
5790 5810	14.3	1	7
5791 5809	14.3	1	7
5794 5807	14.3	1	7
5795 5806	14.3	1	7
5796 5805	14.3	1	7
5797 5804	14.3	1	7
6062 6162	14.3	1	7
6063 6161	14.3	1	7
6064 6160	14.3	1	7
6065 6159	14.3	1	7
6066 6158	14.3	1	7
6067 6157	14.3	1	7
6068 6156	14.3	1	7
6069 6155	14.3	1	7
6070 6154	14.3	1	7
6071 6150	14.3	1	7
6072 6149	14.3	1	7
6076 6148	14.3	1	7
6077 6147	14.3	1	7
6079 6145	14.3	1	7
6080 6144	14.3	1	7
7434 7537	14.3	1	7
7435 7536	14.3	1	7
7436 7535	14.3	1	7
7437 7534	14.3	1	7
7442 7531	14.3	1	7
7443 7530	14.3	1	7
7444 7529	14.3	1	7
7445 7528	14.3	1	7
7446 7467	14.3	1	7
7449 7464	14.3	1	7
7450 7463	14.3	1	7
7451 7462	14.3	1	7
7452 7461	14.3	1	7
7453 7460	14.3	1	7
7545 7598	14.3	1	7
7546 7597	14.3	1	7
7547 7596	14.3	1	7
7548 7595	14.3	1	7
7549 7594	14.3	1	7
7550 7593	14.3	1	7
7551 7592	14.3	1	7
7555 7587	14.3	1	7
7556 7586	14.3	1	7
7557 7585	14.3	1	7
7558 7584	14.3	1	7
7559 7583	14.3	1	7
7560 7582	14.3	1	7
7561 7581	14.3	1	7
7562 7579	14.3	1	7
7563 7578	14.3	1	7
7564 7577	14.3	1	7
7565 7576	14.3	1	7
7566 7575	14.3	1	7
7567 7574	14.3	1	7
7568 7573	14.3	1	7
7603 7628	14.3	1	7
7604 7627	14.3	1	7
7605 7626	14.3	1	7
7606 7625	14.3	1	7
7607 7624	14.3	1	7
7608 7623	14.3	1	7
7609 7622	14.3	1	7
7611 7621	14.3	1	7
7612 7620	14.3	1	7
7613 7619	14.3	1	7
7614 7618	14.3	1	7
8470 8549	14.3	1	7
8471 8548	14.3	1	7
8472 8547	14.3	1	7
8473 8546	14.3	1	7
8474 8545	14.3	1	7
8475 8544	14.3	1	7
8478 8542	14.3	1	7
8479 8541	14.3	1	7
8483 8539	14.3	1	7
8484 8538	14.3	1	7
8485 8537	14.3	1	7
8487 8533	14.3	1	7
8488 8532	14.3	1	7
8489 8531	14.3	1	7
8490 8530	14.3	1	7
8491 8529	14.3	1	7
8493 8526	14.3	1	7
8494 8525	14.3	1	7
8495 8524	14.3	1	7
8496 8523	14.3	1	7
9001 9096	14.3	1	7
9002 9095	14.3	1	7
9006 9091	14.3	1	7
9007 9090	14.3	1	7
9008 9088	14.3	1	7
9015 9082	14.3	1	7
9016 9081	14.3	1	7
9017 9080	14.3	1	7
9018 9079	14.3	1	7
9019 9078	14.3	1	7
9020 9077	14.3	1	7
9023 9071	14.3	1	7
9026 9068	14.3	1	7
9027 9067	14.3	1	7
9028 9066	14.3	1	7
9029 9065	14.3	1	7
9030 9064	14.3	1	7
9031 9063	14.3	1	7
9479 9570	14.3	1	7
9480 9569	14.3	1	7
9481 9568	14.3	1	7
9482 9567	14.3	1	7
9483 9566	14.3	1	7
10124 10203	14.3	1	7
10125 10202	14.3	1	7
10126 10201	14.3	1	7
10127 10200	14.3	1	7
10128 10199	14.3	1	7
10129 10198	14.3	1	7
10130 10192	14.3	1	7
10131 10191	14.3	1	7
10132 10190	14.3	1	7
10138 10184	14.3	1	7
10140 10182	14.3	1	7
10142 10180	14.3	1	7
10143 10179	14.3	1	7
10144 10178	14.3	1	7
10145 10176	14.3	1	7
10146 10175	14.3	1	7
10147 10174	14.3	1	7
10148 10173	14.3	1	7
10149 10172	14.3	1	7
10151 10170	14.3	1	7
10152 10169	14.3	1	7
10153 10168	14.3	1	7
10154 10167	14.3	1	7
10155 10166	14.3	1	7
10413 10497	14.3	1	7
10414 10496	14.3	1	7
10415 10495	14.3	1	7
10416 10494	14.3	1	7
10417 10493	14.3	1	7
10418 10492	14.3	1	7
10419 10491	14.3	1	7
10420 10490	14.3	1	7
10422 10488	14.3	1	7
10423 10487	14.3	1	7
11 46	14.3	1	7
12 45	28.6	2	7
13 44	28.6	2	7
48 72	14.3	1	7
49 71	14.3	1	7
87 137	14.3	1	7
88 136	14.3	1	7
90 134	28.6	2	7
93 131	28.6	2	7
94 130	28.6	2	7
95 129	28.6	2	7
96 128	28.6	2	7
101 127	14.3	1	7
102 126	14.3	1	7
103 125	14.3	1	7
142 197	14.3	1	7
143 196	28.6	2	7
144 195	28.6	2	7
145 194	28.6	2	7
146 193	28.6	2	7
147 192	28.6	2	7
151 188	28.6	2	7
152 187	28.6	2	7
153 186	14.3	1	7
156 184	14.3	1	7
157 183	14.3	1	7
160 180	28.6	2	7
161 179	28.6	2	7
162 178	14.3	1	7
163 177	14.3	1	7
165 176	28.6	2	7
166 175	28.6	2	7
167 174	28.6	2	7
168 173	28.6	2	7
467 569	14.3	1	7
468 568	14.3	1	7
469 564	14.3	1	7
470 563	14.3	1	7
471 562	14.3	1	7
882 944	28.6	2	7
883 943	28.6	2	7
884 942	28.6	2	7
885 941	28.6	2	7
886 940	28.6	2	7
1045 1056	14.3	1	7
1046 1055	14.3	1	7
1047 1054	14.3	1	7
1063 1143	14.3	1	7
1064 1142	14.3	1	7
1069 1136	14.3	1	7
1072 1133	14.3	1	7
1074 1132	14.3	1	7
1075 1131	14.3	1	7
1076 1130	14.3	1	7
1077 1129	14.3	1	7
1078 1128	14.3	1	7
1079 1127	14.3	1	7
1080 1126	14.3	1	7
1082 1124	14.3	1	7
1083 1123	14.3	1	7
1084 1122	14.3	1	7
1085 1121	14.3	1	7
1086 1120	14.3	1	7
1087 1119	14.3	1	7
1093 1116	14.3	1	7
1094 1115	14.3	1	7
2082 2168	14.3	1	7
2083 2167	14.3	1	7
2084 2166	14.3	1	7
2085 2165	14.3	1	7
2086 2164	14.3	1	7
2087 2163	14.3	1	7
2088 2162	14.3	1	7
2090 2160	14.3	1	7
2091 2159	14.3	1	7
2092 2158	14.3	1	7
2101 2150	14.3	1	7
2102 2149	14.3	1	7
2103 2148	14.3	1	7
2104 2147	14.3	1	7
2105 2146	14.3	1	7
2440 2560	14.3	1	7
2441 2559	14.3	1	7
2745 2873	14.3	1	7
2746 2872	14.3	1	7
2747 2871	14.3	1	7
2773 2869	14.3	1	7
2774 2867	14.3	1	7
2777 2792	14.3	1	7
2778 2791	14.3	1	7
2989 3039	14.3	1	7
2990 3038	14.3	1	7
2992 3036	14.3	1	7
2993 3035	14.3	1	7
2994 3034	14.3	1	7
2995 3033	14.3	1	7
2996 3032	14.3	1	7
3004 3027	14.3	1	7
3005 3026	14.3	1	7
3006 3025	14.3	1	7
3007 3024	14.3	1	7
3008 3023	14.3	1	7
3009 3022	14.3	1	7
3010 3021	14.3	1	7
3011 3020	14.3	1	7
3123 3308	14.3	1	7
3124 3307	14.3	1	7
3125 3216	14.3	1	7
3126 3215	14.3	1	7
3127 3214	14.3	1	7
3130 3213	14.3	1	7
3131 3212	14.3	1	7
3132 3211	14.3	1	7
3133 3210	14.3	1	7
3134 3209	14.3	1	7
3135 3208	14.3	1	7
3136 3206	14.3	1	7
3137 3205	14.3	1	7
3138 3204	14.3	1	7
3139 3203	14.3	1	7
3146 3196	14.3	1	7
3147 3195	14.3	1	7
3148 3194	14.3	1	7
3149 3193	14.3	1	7
3150 3192	14.3	1	7
4070 4155	14.3	1	7
4071 4154	14.3	1	7
4178 4187	14.3	1	7
4179 4186	14.3	1	7
4180 4185	14.3	1	7
5051 5157	14.3	1	7
5052 5156	14.3	1	7
5053 5155	14.3	1	7
5054 5154	14.3	1	7
5055 5153	14.3	1	7
5089 5152	14.3	1	7
5090 5151	14.3	1	7
5120 5150	14.3	1	7
5121 5149	14.3	1	7
5122 5148	14.3	1	7
5123 5147	14.3	1	7
5124 5146	14.3	1	7
5125 5145	14.3	1	7
5126 5143	14.3	1	7
5127 5142	14.3	1	7
5130 5139	14.3	1	7
5131 5138	14.3	1	7
5687 5746	14.3	1	7
5688 5745	14.3	1	7
5689 5744	14.3	1	7
5691 5742	14.3	1	7
5692 5741	14.3	1	7
5693 5740	14.3	1	7
5694 5739	14.3	1	7
5695 5738	14.3	1	7
5696 5737	14.3	1	7
5697 5736	14.3	1	7
5698 5735	14.3	1	7
5699 5731	14.3	1	7
5700 5730	14.3	1	7
5701 5729	14.3	1	7
5703 5727	14.3	1	7
5704 5726	14.3	1	7
5705 5725	14.3	1	7
5706 5724	14.3	1	7
5707 5723	14.3	1	7
5708 5722	14.3	1	7
5709 5721	14.3	1	7
5710 5720	14.3	1	7
5711 5719	14.3	1	7
5712 5718	14.3	1	7
5772 5791	14.3	1	7
5773 5790	14.3	1	7
5775 5788	14.3	1	7
5776 5787	14.3	1	7
5777 5786	14.3	1	7
6357 6373	14.3	1	7
6358 6372	14.3	1	7
6359 6371	14.3	1	7
6360 6370	14.3	1	7
6377 6458	14.3	1	7
6378 6457	14.3	1	7
6379 6456	14.3	1	7
6380 6455	14.3	1	7
6382 6454	14.3	1	7
6383 6453	14.3	1	7
6384 6452	14.3	1	7
6385 6451	14.3	1	7
6386 6450	14.3	1	7
6387 6449	14.3	1	7
6388 6448	14.3	1	7
6390 6446	14.3	1	7
6391 6445	14.3	1	7
6392 6444	14.3	1	7
6394 6440	14.3	1	7
6395 6439	14.3	1	7
6396 6438	14.3	1	7
6397 6437	14.3	1	7
6398 6436	14.3	1	7
6399 6435	14.3	1	7
6400 6434	14.3	1	7
6401 6433	14.3	1	7
6402 6432	14.3	1	7
6418 6431	14.3	1	7
6419 6430	14.3	1	7
6420 6429	14.3	1	7
6421 6428	14.3	1	7
8195 8220	14.3	1	7
8196 8219	14.3	1	7
8197 8218	14.3	1	7
8198 8217	14.3	1	7
8199 8216	14.3	1	7
8200 8215	14.3	1	7
8201 8214	14.3	1	7
8202 8213	14.3	1	7
8203 8212	14.3	1	7
8204 8211	14.3	1	7
8205 8210	14.3	1	7
9236 9299	14.3	1	7
9237 9298	14.3	1	7
9238 9297	14.3	1	7
9239 9296	14.3	1	7
9240 9295	14.3	1	7
9241 9294	14.3	1	7
9242 9292	14.3	1	7
9243 9291	14.3	1	7
9246 9288	14.3	1	7
9249 9283	14.3	1	7
9250 9282	14.3	1	7
9251 9281	14.3	1	7
9252 9280	14.3	1	7
9254 9279	14.3	1	7
9255 9278	14.3	1	7
9256 9277	14.3	1	7
9257 9276	14.3	1	7
9258 9275	14.3	1	7
9259 9273	14.3	1	7
9260 9272	14.3	1	7
9261 9271	14.3	1	7
9262 9270	14.3	1	7
9263 9269	14.3	1	7
9615 9681	14.3	1	7
9616 9680	14.3	1	7
9617 9679	14.3	1	7
9618 9678	14.3	1	7
9621 9674	14.3	1	7
9622 9673	14.3	1	7
9623 9672	14.3	1	7
9624 9671	14.3	1	7
10514 10524	14.3	1	7
10515 10523	14.3	1	7
10516 10522	14.3	1	7
10625 10684	14.3	1	7
10626 10683	14.3	1	7
10627 10682	14.3	1	7
10628 10681	14.3	1	7
10629 10680	14.3	1	7
10630 10679	14.3	1	7
10633 10676	14.3	1	7
10634 10675	14.3	1	7
10635 10674	14.3	1	7
10636 10673	14.3	1	7
10637 10672	14.3	1	7
10638 10671	14.3	1	7
10639 10670	14.3	1	7
10640 10669	14.3	1	7
10641 10668	14.3	1	7
10642 10667	14.3	1	7
10643 10666	14.3	1	7
10644 10665	14.3	1	7
10645 10664	14.3	1	7
10700 10724	14.3	1	7
10702 10722	14.3	1	7
10703 10721	14.3	1	7
10704 10720	14.3	1	7
10705 10719	14.3	1	7
10706 10717	14.3	1	7
10707 10716	14.3	1	7
10709 10714	14.3	1	7
10989 11093	14.3	1	7
10990 11092	14.3	1	7
10991 11091	14.3	1	7
10992 11090	14.3	1	7
10993 11089	14.3	1	7
10994 11088	14.3	1	7
10995 11087	14.3	1	7
10997 11082	14.3	1	7
10998 11081	14.3	1	7
10999 11080	14.3	1	7
11000 11079	14.3	1	7
11001 11078	14.3	1	7
11004 11076	14.3	1	7
11005 11075	14.3	1	7
11006 11074	14.3	1	7
11007 11070	14.3	1	7
11008 11069	14.3	1	7
11009 11068	14.3	1	7
11010 11067	14.3	1	7
11011 11066	14.3	1	7
11012 11065	14.3	1	7
11013 11063	14.3	1	7
11014 11062	14.3	1	7
11015 11061	14.3	1	7
11016 11060	14.3	1	7
11017 11059	14.3	1	7
11018 11058	14.3	1	7
11019 11057	14.3	1	7
11020 11056	14.3	1	7
11048 11055	14.3	1	7
11049 11054	14.3	1	7
11156 11209	14.3	1	7
11157 11208	14.3	1	7
11158 11207	14.3	1	7
11159 11206	14.3	1	7
11160 11205	14.3	1	7
11161 11204	14.3	1	7
11162 11202	14.3	1	7
11163 11201	14.3	1	7
11164 11199	14.3	1	7
11165 11198	14.3	1	7
11166 11197	14.3	1	7
11167 11196	14.3	1	7
11168 11195	14.3	1	7
11169 11194	14.3	1	7
11170 11193	14.3	1	7
11172 11191	14.3	1	7
11173 11190	14.3	1	7
11175 11187	14.3	1	7
11176 11186	14.3	1	7
11177 11185	14.3	1	7
11178 11184	14.3	1	7
11439 11398	14.3	1	7
11438 11399	14.3	1	7
11437 11400	14.3	1	7
11436 11401	14.3	1	7
11435 11402	14.3	1	7
11429 11408	14.3	1	7
11428 11409	14.3	1	7
11427 11410	14.3	1	7
11426 11411	14.3	1	7
11425 11412	14.3	1	7
11423 11414	14.3	1	7
11422 11415	14.3	1	7
11421 11416	14.3	1	7
11451 11386	14.3	1	7
11 45	14.3	1	7
12 44	14.3	1	7
13 43	14.3	1	7
70 83	14.3	1	7
71 82	14.3	1	7
72 81	14.3	1	7
73 80	14.3	1	7
84 143	14.3	1	7
89 136	14.3	1	7
90 135	14.3	1	7
91 134	14.3	1	7
92 133	14.3	1	7
93 132	14.3	1	7
94 131	14.3	1	7
95 130	14.3	1	7
101 126	14.3	1	7
102 125	14.3	1	7
103 124	14.3	1	7
104 123	14.3	1	7
111 116	28.6	2	7
142 223	14.3	1	7
144 221	14.3	1	7
145 220	14.3	1	7
149 216	14.3	1	7
150 215	14.3	1	7
151 214	14.3	1	7
152 213	14.3	1	7
153 212	14.3	1	7
158 207	14.3	1	7
159 206	14.3	1	7
160 205	14.3	1	7
161 204	14.3	1	7
165 200	14.3	1	7
166 199	14.3	1	7
167 198	14.3	1	7
169 196	14.3	1	7
170 195	14.3	1	7
171 194	14.3	1	7
172 193	14.3	1	7
173 192	14.3	1	7
174 191	14.3	1	7
176 190	14.3	1	7
177 189	14.3	1	7
178 188	14.3	1	7
179 187	14.3	1	7
180 186	14.3	1	7
229 330	14.3	1	7
230 329	14.3	1	7
231 328	14.3	1	7
232 327	14.3	1	7
235 324	14.3	1	7
237 322	14.3	1	7
238 276	14.3	1	7
239 275	14.3	1	7
240 274	14.3	1	7
241 273	14.3	1	7
242 272	14.3	1	7
243 271	14.3	1	7
244 270	14.3	1	7
247 267	14.3	1	7
248 266	14.3	1	7
249 265	14.3	1	7
252 262	14.3	1	7
253 261	14.3	1	7
545 647	14.3	1	7
546 646	14.3	1	7
547 645	14.3	1	7
548 644	14.3	1	7
549 643	14.3	1	7
558 611	14.3	1	7
559 610	14.3	1	7
560 609	14.3	1	7
561 608	14.3	1	7
562 607	14.3	1	7
563 606	14.3	1	7
568 604	14.3	1	7
569 603	14.3	1	7
573 601	14.3	1	7
574 600	14.3	1	7
575 599	14.3	1	7
576 598	14.3	1	7
577 597	14.3	1	7
580 596	14.3	1	7
581 595	14.3	1	7
582 594	14.3	1	7
583 593	14.3	1	7
584 592	14.3	1	7
585 591	14.3	1	7
617 638	14.3	1	7
1108 1184	14.3	1	7
3101 3150	14.3	1	7
3102 3149	14.3	1	7
3103 3148	14.3	1	7
3104 3147	14.3	1	7
3111 3144	14.3	1	7
3112 3143	14.3	1	7
3113 3142	14.3	1	7
3408 3421	14.3	1	7
3409 3420	14.3	1	7
3410 3419	14.3	1	7
3411 3418	14.3	1	7
3424 3505	14.3	1	7
3425 3504	14.3	1	7
3426 3503	14.3	1	7
3427 3502	14.3	1	7
3428 3501	14.3	1	7
3429 3500	14.3	1	7
3430 3499	14.3	1	7
3431 3498	14.3	1	7
3432 3496	14.3	1	7
3433 3495	14.3	1	7
3434 3494	14.3	1	7
3435 3493	14.3	1	7
3436 3492	14.3	1	7
3438 3491	14.3	1	7
3439 3490	14.3	1	7
3441 3488	14.3	1	7
3442 3487	14.3	1	7
3443 3486	14.3	1	7
3445 3484	14.3	1	7
3446 3483	14.3	1	7
3447 3482	14.3	1	7
3449 3481	14.3	1	7
3450 3480	14.3	1	7
3451 3479	14.3	1	7
3452 3478	14.3	1	7
3453 3471	14.3	1	7
3752 3847	14.3	1	7
4518 4579	14.3	1	7
4519 4578	14.3	1	7
4520 4577	14.3	1	7
4522 4575	14.3	1	7
4523 4574	14.3	1	7
4524 4573	14.3	1	7
4527 4570	14.3	1	7
4528 4569	14.3	1	7
4529 4567	14.3	1	7
4530 4566	14.3	1	7
4531 4565	14.3	1	7
4532 4563	14.3	1	7
4533 4562	14.3	1	7
4534 4561	14.3	1	7
4536 4560	14.3	1	7
4537 4559	14.3	1	7
4538 4558	14.3	1	7
6419 6480	14.3	1	7
6420 6479	14.3	1	7
6421 6478	14.3	1	7
6422 6477	14.3	1	7
6423 6476	14.3	1	7
6424 6475	14.3	1	7
6425 6438	14.3	1	7
6426 6437	14.3	1	7
6428 6435	14.3	1	7
6429 6434	14.3	1	7
8092 8191	14.3	1	7
8093 8190	14.3	1	7
8094 8189	14.3	1	7
8095 8188	14.3	1	7
8096 8187	14.3	1	7
8097 8186	14.3	1	7
8098 8185	14.3	1	7
8100 8184	14.3	1	7
8101 8183	14.3	1	7
8102 8182	14.3	1	7
8103 8163	14.3	1	7
8104 8162	14.3	1	7
8105 8161	14.3	1	7
8106 8160	14.3	1	7
8107 8159	14.3	1	7
8108 8158	14.3	1	7
8109 8156	14.3	1	7
8110 8155	14.3	1	7
8111 8154	14.3	1	7
8112 8153	14.3	1	7
8115 8152	14.3	1	7
8116 8151	14.3	1	7
8117 8150	14.3	1	7
8118 8149	14.3	1	7
8119 8146	14.3	1	7
8120 8145	14.3	1	7
8121 8144	14.3	1	7
8122 8143	14.3	1	7
8124 8142	14.3	1	7
8125 8141	14.3	1	7
8126 8140	14.3	1	7
8127 8139	14.3	1	7
10961 10987	14.3	1	7
10970 10984	14.3	1	7
10971 10983	14.3	1	7
10973 10981	14.3	1	7
10974 10980	14.3	1	7
10991 11003	14.3	1	7
10992 11002	14.3	1	7
10993 11001	14.3	1	7
10994 11000	14.3	1	7
10995 10999	14.3	1	7
11006 11041	14.3	1	7
11012 11035	14.3	1	7
11013 11034	14.3	1	7
11014 11033	14.3	1	7
11015 11032	14.3	1	7
11016 11031	14.3	1	7
11017 11030	14.3	1	7
11018 11029	14.3	1	7
11019 11028	14.3	1	7
11054 11065	14.3	1	7
6 75	14.3	1	7
7 74	14.3	1	7
8 73	14.3	1	7
9 72	14.3	1	7
10 71	14.3	1	7
11 70	14.3	1	7
14 43	14.3	1	7
15 21	14.3	1	7
16 20	14.3	1	7
102 122	14.3	1	7
103 121	14.3	1	7
104 120	14.3	1	7
105 119	14.3	1	7
106 118	14.3	1	7
107 117	14.3	1	7
108 116	14.3	1	7
150 188	14.3	1	7
151 187	14.3	1	7
152 186	14.3	1	7
153 185	14.3	1	7
154 184	14.3	1	7
155 177	14.3	1	7
156 176	14.3	1	7
157 175	14.3	1	7
158 174	14.3	1	7
160 172	14.3	1	7
161 171	14.3	1	7
162 170	14.3	1	7
163 169	14.3	1	7
164 168	14.3	1	7
189 219	14.3	1	7
190 218	14.3	1	7
191 217	14.3	1	7
192 216	14.3	1	7
193 215	14.3	1	7
194 214	14.3	1	7
197 210	14.3	1	7
198 209	14.3	1	7
199 208	14.3	1	7
200 207	14.3	1	7
201 206	14.3	1	7
221 328	14.3	1	7
222 327	14.3	1	7
223 326	14.3	1	7
224 325	14.3	1	7
225 324	14.3	1	7
226 323	14.3	1	7
230 322	14.3	1	7
231 276	14.3	1	7
232 275	14.3	1	7
233 274	14.3	1	7
234 273	14.3	1	7
237 270	14.3	1	7
238 269	14.3	1	7
239 268	14.3	1	7
241 266	14.3	1	7
242 265	14.3	1	7
243 264	14.3	1	7
245 262	14.3	1	7
246 261	14.3	1	7
247 260	14.3	1	7
248 259	14.3	1	7
249 258	14.3	1	7
250 257	14.3	1	7
333 369	14.3	1	7
334 368	14.3	1	7
338 365	14.3	1	7
610 703	14.3	1	7
612 701	14.3	1	7
614 699	14.3	1	7
615 698	14.3	1	7
619 694	14.3	1	7
620 693	14.3	1	7
621 692	14.3	1	7
622 691	14.3	1	7
2351 2460	14.3	1	7
3458 3563	14.3	1	7
3459 3562	14.3	1	7
3460 3561	14.3	1	7
3461 3560	14.3	1	7
3463 3555	14.3	1	7
3464 3554	14.3	1	7
3465 3553	14.3	1	7
3467 3551	14.3	1	7
3468 3550	14.3	1	7
3469 3549	14.3	1	7
3470 3548	14.3	1	7
3471 3547	14.3	1	7
3479 3541	14.3	1	7
3480 3540	14.3	1	7
3481 3539	14.3	1	7
3482 3538	14.3	1	7
3483 3537	14.3	1	7
3484 3536	14.3	1	7
3486 3534	14.3	1	7
3487 3533	14.3	1	7
3488 3532	14.3	1	7
3489 3531	14.3	1	7
3490 3530	14.3	1	7
3492 3527	14.3	1	7
3493 3526	14.3	1	7
3494 3525	14.3	1	7
3495 3524	14.3	1	7
3496 3523	14.3	1	7
3497 3517	14.3	1	7
3498 3516	14.3	1	7
3499 3515	14.3	1	7
3500 3514	14.3	1	7
3501 3513	14.3	1	7
3502 3512	14.3	1	7
3503 3511	14.3	1	7
3629 3723	14.3	1	7
3630 3722	14.3	1	7
3782 3948	14.3	1	7
3783 3947	14.3	1	7
3784 3946	14.3	1	7
3785 3945	14.3	1	7
3788 3942	14.3	1	7
4317 4353	14.3	1	7
4318 4352	14.3	1	7
4359 4415	14.3	1	7
4360 4414	14.3	1	7
4361 4413	14.3	1	7
4362 4412	14.3	1	7
4363 4411	14.3	1	7
4364 4410	14.3	1	7
4365 4409	14.3	1	7
4366 4408	14.3	1	7
4367 4407	14.3	1	7
4368 4406	14.3	1	7
4501 4535	14.3	1	7
4502 4534	14.3	1	7
4503 4533	14.3	1	7
4504 4532	14.3	1	7
4505 4531	14.3	1	7
5124 5139	14.3	1	7
5125 5138	14.3	1	7
5126 5137	14.3	1	7
5127 5136	14.3	1	7
5575 5672	14.3	1	7
5576 5671	14.3	1	7
5577 5670	14.3	1	7
5578 5669	14.3	1	7
5579 5668	14.3	1	7
5584 5662	14.3	1	7
5585 5661	14.3	1	7
5586 5660	14.3	1	7
5587 5659	14.3	1	7
5588 5658	14.3	1	7
5589 5657	14.3	1	7
5590 5656	14.3	1	7
5592 5655	14.3	1	7
6066 6170	14.3	1	7
6070 6168	14.3	1	7
6071 6167	14.3	1	7
6072 6166	14.3	1	7
6073 6165	14.3	1	7
6074 6164	14.3	1	7
6075 6163	14.3	1	7
6077 6161	14.3	1	7
6078 6160	14.3	1	7
6079 6159	14.3	1	7
6080 6158	14.3	1	7
6082 6156	14.3	1	7
6083 6155	14.3	1	7
6086 6148	14.3	1	7
6087 6147	14.3	1	7
6088 6146	14.3	1	7
6089 6145	14.3	1	7
6090 6144	14.3	1	7
6092 6143	14.3	1	7
6901 6908	14.3	1	7
6902 6907	14.3	1	7
6936 6989	14.3	1	7
6937 6988	14.3	1	7
6938 6987	14.3	1	7
6939 6986	14.3	1	7
6940 6985	14.3	1	7
6941 6984	14.3	1	7
6942 6979	14.3	1	7
6943 6978	14.3	1	7
6944 6977	14.3	1	7
6945 6976	14.3	1	7
6946 6975	14.3	1	7
6947 6974	14.3	1	7
6948 6973	14.3	1	7
6949 6972	14.3	1	7
7224 7255	14.3	1	7
7225 7254	14.3	1	7
7226 7253	14.3	1	7
7259 7301	14.3	1	7
7260 7300	14.3	1	7
7261 7299	14.3	1	7
7262 7298	14.3	1	7
7263 7297	14.3	1	7
7264 7296	14.3	1	7
7265 7295	14.3	1	7
7267 7290	14.3	1	7
7268 7289	14.3	1	7
7269 7288	14.3	1	7
7271 7286	14.3	1	7
7272 7285	14.3	1	7
7273 7284	14.3	1	7
7274 7283	14.3	1	7
7275 7282	14.3	1	7
7396 7436	14.3	1	7
7397 7435	14.3	1	7
7398 7434	14.3	1	7
7399 7433	14.3	1	7
7400 7432	14.3	1	7
7401 7431	14.3	1	7
7402 7430	14.3	1	7
7403 7429	14.3	1	7
7404 7428	14.3	1	7
7405 7427	14.3	1	7
7406 7425	14.3	1	7
7407 7424	14.3	1	7
7408 7422	14.3	1	7
7409 7421	14.3	1	7
7410 7420	14.3	1	7
7437 7566	14.3	1	7
7438 7565	14.3	1	7
7439 7564	14.3	1	7
7440 7563	14.3	1	7
7443 7560	14.3	1	7
7444 7559	14.3	1	7
7447 7556	14.3	1	7
7448 7555	14.3	1	7
7450 7553	14.3	1	7
7451 7552	14.3	1	7
7452 7551	14.3	1	7
7453 7549	14.3	1	7
7454 7548	14.3	1	7
7455 7547	14.3	1	7
7456 7546	14.3	1	7
7457 7545	14.3	1	7
7458 7544	14.3	1	7
7460 7542	14.3	1	7
7461 7541	14.3	1	7
7463 7540	14.3	1	7
7464 7539	14.3	1	7
7465 7538	14.3	1	7
7466 7537	14.3	1	7
7467 7536	14.3	1	7
7528 7535	14.3	1	7
7529 7534	14.3	1	7
7573 7597	14.3	1	7
7574 7596	14.3	1	7
7575 7595	14.3	1	7
7576 7594	14.3	1	7
7581 7589	14.3	1	7
7582 7588	14.3	1	7
7583 7587	14.3	1	7
7632 7640	14.3	1	7
7633 7639	14.3	1	7
7671 7728	14.3	1	7
7672 7727	14.3	1	7
7673 7726	14.3	1	7
7674 7725	14.3	1	7
7675 7724	14.3	1	7
7677 7723	14.3	1	7
7678 7722	14.3	1	7
7679 7721	14.3	1	7
7680 7720	14.3	1	7
7681 7719	14.3	1	7
7682 7718	14.3	1	7
7683 7717	14.3	1	7
7684 7716	14.3	1	7
7685 7715	14.3	1	7
8121 8225	14.3	1	7
8122 8224	14.3	1	7
8123 8223	14.3	1	7
8124 8222	14.3	1	7
8125 8221	14.3	1	7
8127 8220	14.3	1	7
8128 8219	14.3	1	7
8129 8218	14.3	1	7
8130 8217	14.3	1	7
8131 8216	14.3	1	7
8133 8214	14.3	1	7
8135 8212	14.3	1	7
8136 8211	14.3	1	7
8137 8210	14.3	1	7
8138 8209	14.3	1	7
8139 8208	14.3	1	7
8142 8205	14.3	1	7
8143 8204	14.3	1	7
8144 8203	14.3	1	7
8145 8202	14.3	1	7
8146 8201	14.3	1	7
8147 8200	14.3	1	7
8148 8199	14.3	1	7
8149 8198	14.3	1	7
8151 8196	14.3	1	7
8152 8195	14.3	1	7
8153 8194	14.3	1	7
8154 8193	14.3	1	7
8155 8192	14.3	1	7
8156 8191	14.3	1	7
8157 8190	14.3	1	7
8158 8188	14.3	1	7
8159 8187	14.3	1	7
8160 8186	14.3	1	7
8161 8185	14.3	1	7
8162 8184	14.3	1	7
8236 8250	14.3	1	7
8237 8249	14.3	1	7
8238 8248	14.3	1	7
8239 8247	14.3	1	7
8901 8917	14.3	1	7
8902 8916	14.3	1	7
8903 8915	14.3	1	7
8904 8914	14.3	1	7
8905 8913	14.3	1	7
8906 8912	14.3	1	7
8907 8911	14.3	1	7
9756 9813	14.3	1	7
9757 9812	14.3	1	7
9762 9806	14.3	1	7
9763 9805	14.3	1	7
9764 9804	14.3	1	7
9765 9803	14.3	1	7
9766 9802	14.3	1	7
9767 9801	14.3	1	7
9770 9800	14.3	1	7
9771 9799	14.3	1	7
9772 9798	14.3	1	7
9774 9797	14.3	1	7
9775 9796	14.3	1	7
9776 9795	14.3	1	7
9777 9794	14.3	1	7
9782 9790	14.3	1	7
9783 9789	14.3	1	7
9784 9788	14.3	1	7
9816 9865	14.3	1	7
9828 9853	14.3	1	7
9829 9852	14.3	1	7
9834 9851	14.3	1	7
9835 9850	14.3	1	7
9836 9849	14.3	1	7
9837 9848	14.3	1	7
9838 9847	14.3	1	7
9839 9846	14.3	1	7
9840 9845	14.3	1	7
11236 11276	14.3	1	7
11238 11274	14.3	1	7
44 157	14.3	1	7
45 156	14.3	1	7
46 155	14.3	1	7
47 154	14.3	1	7
48 153	14.3	1	7
81 104	14.3	1	7
82 103	14.3	1	7
85 100	14.3	1	7
86 99	14.3	1	7
87 98	14.3	1	7
88 97	14.3	1	7
130 141	14.3	1	7
131 140	14.3	1	7
149 190	14.3	1	7
150 189	14.3	1	7
159 181	14.3	1	7
163 178	14.3	1	7
164 177	14.3	1	7
201 207	14.3	1	7
202 206	14.3	1	7
433 553	14.3	1	7
434 552	14.3	1	7
437 549	14.3	1	7
868 957	14.3	1	7
873 954	14.3	1	7
874 953	14.3	1	7
875 952	14.3	1	7
876 951	14.3	1	7
877 950	14.3	1	7
889 937	14.3	1	7
890 936	14.3	1	7
891 935	14.3	1	7
892 934	14.3	1	7
893 933	14.3	1	7
894 932	14.3	1	7
896 930	14.3	1	7
898 928	14.3	1	7
899 927	14.3	1	7
900 926	14.3	1	7
901 925	14.3	1	7
902 924	14.3	1	7
903 923	14.3	1	7
906 920	14.3	1	7
907 919	14.3	1	7
908 918	14.3	1	7
909 917	14.3	1	7
910 916	14.3	1	7
911 915	14.3	1	7
6024 6052	14.3	1	7
6025 6051	14.3	1	7
6026 6050	14.3	1	7
6027 6049	14.3	1	7
6028 6048	14.3	1	7
6029 6047	14.3	1	7
6030 6045	14.3	1	7
6031 6043	14.3	1	7
6032 6042	14.3	1	7
6033 6041	14.3	1	7
6034 6040	14.3	1	7
6035 6039	14.3	1	7
6053 6115	14.3	1	7
6056 6112	14.3	1	7
6057 6111	14.3	1	7
6060 6108	14.3	1	7
6061 6107	14.3	1	7
6062 6106	14.3	1	7
6063 6105	14.3	1	7
6064 6104	14.3	1	7
6065 6103	14.3	1	7
6068 6099	14.3	1	7
6069 6098	14.3	1	7
6070 6097	14.3	1	7
6071 6096	14.3	1	7
6072 6095	14.3	1	7
6073 6094	14.3	1	7
6076 6092	14.3	1	7
6079 6089	14.3	1	7
6080 6088	14.3	1	7
7574 7600	14.3	1	7
7575 7599	14.3	1	7
7576 7598	14.3	1	7
7580 7594	14.3	1	7
7581 7593	14.3	1	7
7582 7592	14.3	1	7
7583 7591	14.3	1	7
7584 7590	14.3	1	7
7610 7640	14.3	1	7
7611 7639	14.3	1	7
7612 7638	14.3	1	7
7613 7637	14.3	1	7
7614 7636	14.3	1	7
7615 7635	14.3	1	7
7616 7634	14.3	1	7
7617 7633	14.3	1	7
7619 7632	14.3	1	7
7620 7631	14.3	1	7
7621 7630	14.3	1	7
7622 7629	14.3	1	7
7623 7628	14.3	1	7
7649 7689	14.3	1	7
7650 7688	14.3	1	7
7652 7686	14.3	1	7
7653 7685	14.3	1	7
7654 7684	14.3	1	7
7655 7683	14.3	1	7
7656 7682	14.3	1	7
7657 7681	14.3	1	7
7658 7680	14.3	1	7
7659 7679	14.3	1	7
7660 7675	14.3	1	7
7661 7674	14.3	1	7
7662 7673	14.3	1	7
7663 7672	14.3	1	7
7664 7671	14.3	1	7
7665 7670	14.3	1	7
7690 7698	14.3	1	7
7691 7697	14.3	1	7
7692 7696	14.3	1	7
8058 8189	14.3	1	7
8059 8188	14.3	1	7
8060 8187	14.3	1	7
8061 8186	14.3	1	7
8062 8185	14.3	1	7
8063 8184	14.3	1	7
8065 8182	14.3	1	7
8067 8159	14.3	1	7
8221 8333	14.3	1	7
8222 8332	14.3	1	7
8225 8329	14.3	1	7
8852 8925	14.3	1	7
8853 8924	14.3	1	7
8855 8922	14.3	1	7
8856 8921	14.3	1	7
8857 8876	14.3	1	7
8858 8875	14.3	1	7
8859 8874	14.3	1	7
8860 8873	14.3	1	7
8862 8871	14.3	1	7
8863 8870	14.3	1	7
8864 8869	14.3	1	7
8877 8916	14.3	1	7
8878 8915	14.3	1	7
8881 8912	14.3	1	7
8882 8911	14.3	1	7
8883 8910	14.3	1	7
8884 8909	14.3	1	7
8885 8908	14.3	1	7
8886 8907	14.3	1	7
8887 8906	14.3	1	7
8888 8905	14.3	1	7
8889 8904	14.3	1	7
8890 8903	14.3	1	7
8891 8902	14.3	1	7
8926 8952	14.3	1	7
8927 8951	14.3	1	7
9103 9141	14.3	1	7
9104 9140	14.3	1	7
9105 9139	14.3	1	7
9106 9138	14.3	1	7
9109 9133	14.3	1	7
9110 9132	14.3	1	7
9111 9131	14.3	1	7
9112 9130	14.3	1	7
9113 9129	14.3	1	7
9114 9128	14.3	1	7
9115 9127	14.3	1	7
9116 9126	14.3	1	7
9117 9125	14.3	1	7
9143 9212	14.3	1	7
9144 9211	14.3	1	7
9145 9210	14.3	1	7
9146 9209	14.3	1	7
9147 9208	14.3	1	7
9148 9207	14.3	1	7
9149 9205	14.3	1	7
9150 9204	14.3	1	7
9151 9203	14.3	1	7
9152 9202	14.3	1	7
9153 9201	14.3	1	7
9154 9200	14.3	1	7
9155 9199	14.3	1	7
9156 9198	14.3	1	7
9157 9197	14.3	1	7
9158 9196	14.3	1	7
9159 9195	14.3	1	7
9160 9194	14.3	1	7
9161 9193	14.3	1	7
9172 9192	14.3	1	7
9173 9191	14.3	1	7
9174 9190	14.3	1	7
9175 9189	14.3	1	7
9176 9188	14.3	1	7
9177 9187	14.3	1	7
9178 9186	14.3	1	7
9179 9185	14.3	1	7
9308 9404	14.3	1	7
9309 9403	14.3	1	7
9310 9402	14.3	1	7
9311 9401	14.3	1	7
9312 9400	14.3	1	7
9313 9395	14.3	1	7
9314 9394	14.3	1	7
9315 9393	14.3	1	7
9316 9392	14.3	1	7
9317 9391	14.3	1	7
9319 9389	14.3	1	7
9320 9388	14.3	1	7
9322 9387	14.3	1	7
9323 9386	14.3	1	7
9324 9385	14.3	1	7
9325 9384	14.3	1	7
9326 9383	14.3	1	7
9328 9380	14.3	1	7
9329 9379	14.3	1	7
9330 9378	14.3	1	7
9331 9377	14.3	1	7
9332 9376	14.3	1	7
9333 9375	14.3	1	7
9334 9371	14.3	1	7
9335 9370	14.3	1	7
9336 9369	14.3	1	7
9338 9368	14.3	1	7
9339 9367	14.3	1	7
9340 9366	14.3	1	7
9341 9365	14.3	1	7
9342 9364	14.3	1	7
9343 9361	14.3	1	7
9344 9360	14.3	1	7
9345 9359	14.3	1	7
9346 9358	14.3	1	7
9347 9357	14.3	1	7
9348 9356	14.3	1	7
9866 9948	14.3	1	7
9867 9947	14.3	1	7
9880 9938	14.3	1	7
9881 9937	14.3	1	7
9883 9935	14.3	1	7
9884 9934	14.3	1	7
9885 9933	14.3	1	7
9887 9930	14.3	1	7
9888 9929	14.3	1	7
9889 9928	14.3	1	7
9890 9927	14.3	1	7
9891 9926	14.3	1	7
9893 9925	14.3	1	7
9894 9924	14.3	1	7
10079 10175	14.3	1	7
10080 10174	14.3	1	7
10082 10172	14.3	1	7
10083 10171	14.3	1	7
10089 10167	14.3	1	7
10090 10166	14.3	1	7
10091 10165	14.3	1	7
10093 10163	14.3	1	7
10094 10162	14.3	1	7
10095 10161	14.3	1	7
10096 10160	14.3	1	7
10098 10159	14.3	1	7
10099 10158	14.3	1	7
10101 10156	14.3	1	7
10102 10155	14.3	1	7
10103 10154	14.3	1	7
10104 10153	14.3	1	7
10106 10151	14.3	1	7
10107 10150	14.3	1	7
10108 10149	14.3	1	7
10110 10145	14.3	1	7
10111 10144	14.3	1	7
10755 10821	14.3	1	7
10756 10820	14.3	1	7
10757 10819	14.3	1	7
10758 10818	14.3	1	7
10759 10817	14.3	1	7
10760 10816	14.3	1	7
10762 10814	14.3	1	7
10763 10813	14.3	1	7
10764 10812	14.3	1	7
10765 10811	14.3	1	7
10766 10810	14.3	1	7
10767 10809	14.3	1	7
10768 10808	14.3	1	7
10769 10807	14.3	1	7
10771 10805	14.3	1	7
10772 10804	14.3	1	7
10773 10803	14.3	1	7
10774 10802	14.3	1	7
10781 10801	14.3	1	7
10782 10800	14.3	1	7
10783 10799	14.3	1	7
10784 10798	14.3	1	7
10824 10855	14.3	1	7
10825 10854	14.3	1	7
10826 10853	14.3	1	7
10827 10852	14.3	1	7
10828 10851	14.3	1	7
10829 10850	14.3	1	7
10830 10849	14.3	1	7
10831 10848	14.3	1	7
10832 10847	14.3	1	7
10836 10843	14.3	1	7
10837 10842	14.3	1	7
