2 18	33.3	1	3
3 17	33.3	1	3
4 16	33.3	1	3
7 13	33.3	1	3
28 38	33.3	1	3
56 105	33.3	1	3
57 104	33.3	1	3
63 98	33.3	1	3
64 97	33.3	1	3
67 93	33.3	1	3
68 92	33.3	1	3
71 90	33.3	1	3
72 89	33.3	1	3
73 88	33.3	1	3
74 87	33.3	1	3
107 126	33.3	1	3
108 125	33.3	1	3
109 124	33.3	1	3
110 123	33.3	1	3
111 122	33.3	1	3
130 158	33.3	1	3
131 157	33.3	1	3
132 156	33.3	1	3
133 155	33.3	1	3
134 154	33.3	1	3
137 152	33.3	1	3
138 151	33.3	1	3
139 150	33.3	1	3
140 149	33.3	1	3
141 148	33.3	1	3
172 219	33.3	1	3
173 218	33.3	1	3
174 217	33.3	1	3
175 216	33.3	1	3
176 215	33.3	1	3
178 211	33.3	1	3
179 210	33.3	1	3
180 209	33.3	1	3
181 208	33.3	1	3
182 206	33.3	1	3
183 205	33.3	1	3
184 204	33.3	1	3
187 203	33.3	1	3
188 202	33.3	1	3
189 201	33.3	1	3
190 200	33.3	1	3
191 199	33.3	1	3
220 248	33.3	1	3
221 247	33.3	1	3
222 246	33.3	1	3
223 245	33.3	1	3
224 244	33.3	1	3
225 243	33.3	1	3
235 242	33.3	1	3
250 269	33.3	1	3
251 268	33.3	1	3
252 267	33.3	1	3
253 266	33.3	1	3
254 265	33.3	1	3
255 264	33.3	1	3
256 263	33.3	1	3
257 262	33.3	1	3
273 293	33.3	1	3
274 292	33.3	1	3
275 291	33.3	1	3
276 290	33.3	1	3
277 289	33.3	1	3
278 288	33.3	1	3
279 287	33.3	1	3
280 286	33.3	1	3
281 285	33.3	1	3
297 314	33.3	1	3
298 313	33.3	1	3
299 312	33.3	1	3
300 311	33.3	1	3
301 310	33.3	1	3
302 309	33.3	1	3
303 308	33.3	1	3
319 332	33.3	1	3
320 331	33.3	1	3
321 330	33.3	1	3
322 329	33.3	1	3
323 328	33.3	1	3
339 402	33.3	1	3
340 400	33.3	1	3
341 399	33.3	1	3
342 398	33.3	1	3
344 396	33.3	1	3
345 395	33.3	1	3
365 385	33.3	1	3
366 384	33.3	1	3
367 383	33.3	1	3
368 382	33.3	1	3
369 381	33.3	1	3
370 379	33.3	1	3
371 378	33.3	1	3
372 377	33.3	1	3
423 447	33.3	1	3
424 446	33.3	1	3
425 445	33.3	1	3
426 444	33.3	1	3
427 443	33.3	1	3
428 442	33.3	1	3
429 441	33.3	1	3
2143 2156	33.3	1	3
2144 2155	33.3	1	3
2145 2154	33.3	1	3
2146 2153	33.3	1	3
2147 2152	33.3	1	3
2166 2227	33.3	1	3
2167 2226	33.3	1	3
2168 2225	33.3	1	3
2169 2224	33.3	1	3
2170 2223	33.3	1	3
2171 2222	33.3	1	3
2172 2221	33.3	1	3
2173 2220	33.3	1	3
2174 2219	33.3	1	3
2175 2218	33.3	1	3
2197 2217	33.3	1	3
2199 2211	33.3	1	3
2200 2210	33.3	1	3
2201 2209	33.3	1	3
2202 2208	33.3	1	3
3333 3451	33.3	1	3
3334 3450	33.3	1	3
3335 3449	33.3	1	3
3336 3448	33.3	1	3
3337 3447	33.3	1	3
3338 3446	33.3	1	3
3341 3443	33.3	1	3
3342 3442	33.3	1	3
3373 3441	33.3	1	3
3374 3434	33.3	1	3
3375 3433	33.3	1	3
3376 3432	33.3	1	3
3377 3431	33.3	1	3
3378 3430	33.3	1	3
3383 3425	33.3	1	3
3384 3424	33.3	1	3
3385 3423	33.3	1	3
3386 3422	33.3	1	3
3390 3419	33.3	1	3
3406 3418	33.3	1	3
3407 3417	33.3	1	3
3408 3416	33.3	1	3
4552 4572	33.3	1	3
4553 4571	33.3	1	3
4558 4567	33.3	1	3
4559 4566	33.3	1	3
4560 4565	33.3	1	3
6602 6694	33.3	1	3
6603 6693	33.3	1	3
6604 6692	33.3	1	3
6607 6689	33.3	1	3
6608 6688	33.3	1	3
6609 6684	33.3	1	3
6611 6683	33.3	1	3
6612 6682	33.3	1	3
6613 6681	33.3	1	3
6615 6679	33.3	1	3
6616 6678	33.3	1	3
6618 6677	33.3	1	3
6619 6676	33.3	1	3
6620 6675	33.3	1	3
6621 6674	33.3	1	3
6622 6673	33.3	1	3
6623 6672	33.3	1	3
6624 6671	33.3	1	3
6625 6669	33.3	1	3
6626 6668	33.3	1	3
6627 6667	33.3	1	3
6628 6666	33.3	1	3
6629 6665	33.3	1	3
6630 6664	33.3	1	3
6631 6663	33.3	1	3
6632 6662	33.3	1	3
6643 6660	33.3	1	3
6644 6659	33.3	1	3
6645 6658	33.3	1	3
6646 6657	33.3	1	3
6648 6656	33.3	1	3
6649 6655	33.3	1	3
6747 6837	33.3	1	3
6748 6836	33.3	1	3
6749 6835	33.3	1	3
6750 6834	33.3	1	3
6751 6833	33.3	1	3
6754 6829	33.3	1	3
6755 6828	33.3	1	3
6756 6827	33.3	1	3
6757 6826	33.3	1	3
6758 6825	33.3	1	3
8410 8601	33.3	1	3
8411 8600	33.3	1	3
8412 8599	33.3	1	3
8500 8598	33.3	1	3
8501 8597	33.3	1	3
8502 8596	33.3	1	3
8503 8595	33.3	1	3
8504 8593	33.3	1	3
8505 8592	33.3	1	3
8506 8591	33.3	1	3
8507 8590	33.3	1	3
8508 8545	33.3	1	3
8509 8544	33.3	1	3
8510 8543	33.3	1	3
8511 8542	33.3	1	3
8555 8587	33.3	1	3
8556 8586	33.3	1	3
8557 8585	33.3	1	3
8558 8584	33.3	1	3
12180 12204	66.7	2	3
12181 12203	66.7	2	3
12182 12202	66.7	2	3
12183 12201	66.7	2	3
12184 12200	66.7	2	3
12185 12199	66.7	2	3
12186 12198	66.7	2	3
12187 12196	33.3	1	3
12188 12195	33.3	1	3
63 84	33.3	1	3
64 83	33.3	1	3
65 82	33.3	1	3
66 81	33.3	1	3
67 80	33.3	1	3
68 79	33.3	1	3
69 78	33.3	1	3
70 77	33.3	1	3
71 76	33.3	1	3
96 117	33.3	1	3
97 116	33.3	1	3
98 115	33.3	1	3
99 114	33.3	1	3
100 113	33.3	1	3
101 112	33.3	1	3
102 111	33.3	1	3
103 110	33.3	1	3
104 109	33.3	1	3
130 153	33.3	1	3
131 152	33.3	1	3
132 151	33.3	1	3
133 150	33.3	1	3
134 149	33.3	1	3
135 148	33.3	1	3
136 147	33.3	1	3
137 146	33.3	1	3
138 145	33.3	1	3
177 245	33.3	1	3
178 244	33.3	1	3
179 243	33.3	1	3
193 232	33.3	1	3
194 231	33.3	1	3
195 230	33.3	1	3
196 229	33.3	1	3
198 227	33.3	1	3
199 226	33.3	1	3
200 225	33.3	1	3
201 224	33.3	1	3
207 218	33.3	1	3
208 217	33.3	1	3
209 216	33.3	1	3
253 293	33.3	1	3
254 292	33.3	1	3
255 291	33.3	1	3
257 289	33.3	1	3
258 288	33.3	1	3
259 287	33.3	1	3
260 286	33.3	1	3
261 285	33.3	1	3
262 284	33.3	1	3
263 283	33.3	1	3
264 282	33.3	1	3
265 281	33.3	1	3
266 280	33.3	1	3
267 279	33.3	1	3
268 278	33.3	1	3
269 277	33.3	1	3
270 276	33.3	1	3
435 449	33.3	1	3
436 448	33.3	1	3
437 447	33.3	1	3
438 446	33.3	1	3
439 445	33.3	1	3
450 507	33.3	1	3
451 506	33.3	1	3
452 505	33.3	1	3
453 504	33.3	1	3
454 503	33.3	1	3
455 502	33.3	1	3
458 499	33.3	1	3
459 498	33.3	1	3
460 497	33.3	1	3
461 496	33.3	1	3
464 495	33.3	1	3
465 494	33.3	1	3
466 493	33.3	1	3
467 492	33.3	1	3
468 491	33.3	1	3
469 490	33.3	1	3
470 488	33.3	1	3
471 487	33.3	1	3
472 486	33.3	1	3
473 485	33.3	1	3
474 484	33.3	1	3
475 483	33.3	1	3
476 482	33.3	1	3
477 481	33.3	1	3
710 808	33.3	1	3
712 806	33.3	1	3
713 805	33.3	1	3
714 804	33.3	1	3
715 803	33.3	1	3
716 802	33.3	1	3
717 786	33.3	1	3
718 785	33.3	1	3
719 784	33.3	1	3
720 783	33.3	1	3
721 782	33.3	1	3
722 781	33.3	1	3
723 780	33.3	1	3
724 779	33.3	1	3
725 778	33.3	1	3
726 777	33.3	1	3
727 776	33.3	1	3
728 775	33.3	1	3
737 772	33.3	1	3
738 771	33.3	1	3
739 770	33.3	1	3
742 767	33.3	1	3
743 766	33.3	1	3
744 765	33.3	1	3
745 764	33.3	1	3
746 761	33.3	1	3
747 760	33.3	1	3
748 759	33.3	1	3
749 758	33.3	1	3
750 757	33.3	1	3
751 756	33.3	1	3
970 1097	33.3	1	3
972 1050	33.3	1	3
973 1049	33.3	1	3
974 1048	33.3	1	3
975 1047	33.3	1	3
976 1045	33.3	1	3
977 1044	33.3	1	3
978 1043	33.3	1	3
979 1042	33.3	1	3
981 1040	33.3	1	3
983 1038	33.3	1	3
984 1037	33.3	1	3
985 1036	33.3	1	3
986 1033	33.3	1	3
987 1032	33.3	1	3
988 1031	33.3	1	3
989 1030	33.3	1	3
990 1029	33.3	1	3
991 1028	33.3	1	3
994 1023	33.3	1	3
995 1022	33.3	1	3
996 1021	33.3	1	3
997 1020	33.3	1	3
998 1019	33.3	1	3
999 1018	33.3	1	3
1000 1016	33.3	1	3
1001 1015	33.3	1	3
1002 1014	33.3	1	3
1003 1013	33.3	1	3
1004 1012	33.3	1	3
1005 1011	33.3	1	3
1098 1123	33.3	1	3
1099 1122	33.3	1	3
1100 1121	33.3	1	3
1101 1120	33.3	1	3
1102 1119	33.3	1	3
1103 1118	33.3	1	3
1104 1117	33.3	1	3
1105 1116	33.3	1	3
1106 1114	33.3	1	3
1107 1113	33.3	1	3
1144 1184	33.3	1	3
1145 1183	33.3	1	3
1146 1182	33.3	1	3
1149 1178	33.3	1	3
1150 1177	33.3	1	3
1151 1176	33.3	1	3
1152 1175	33.3	1	3
1153 1174	33.3	1	3
1154 1173	33.3	1	3
1155 1172	33.3	1	3
1156 1171	33.3	1	3
1157 1170	33.3	1	3
1158 1169	33.3	1	3
1160 1168	33.3	1	3
1161 1167	33.3	1	3
1162 1166	33.3	1	3
1225 1332	33.3	1	3
1226 1331	33.3	1	3
1227 1330	33.3	1	3
1228 1329	33.3	1	3
1229 1328	33.3	1	3
1232 1325	33.3	1	3
1233 1324	33.3	1	3
1244 1300	33.3	1	3
1245 1299	33.3	1	3
1246 1298	33.3	1	3
1400 1476	33.3	1	3
1401 1475	33.3	1	3
1402 1474	33.3	1	3
1405 1471	33.3	1	3
1406 1470	33.3	1	3
1407 1469	33.3	1	3
1408 1468	33.3	1	3
1409 1467	33.3	1	3
1410 1466	33.3	1	3
1411 1465	33.3	1	3
1418 1462	33.3	1	3
1419 1461	33.3	1	3
1420 1460	33.3	1	3
1421 1459	33.3	1	3
1422 1458	33.3	1	3
1783 1796	33.3	1	3
1784 1795	33.3	1	3
1817 1941	33.3	1	3
1819 1939	33.3	1	3
1820 1938	33.3	1	3
1858 1901	33.3	1	3
1859 1900	33.3	1	3
1860 1899	33.3	1	3
1861 1897	33.3	1	3
1862 1896	33.3	1	3
1863 1895	33.3	1	3
1864 1894	33.3	1	3
1865 1893	33.3	1	3
1866 1892	33.3	1	3
1868 1890	33.3	1	3
1869 1889	33.3	1	3
1870 1888	33.3	1	3
1871 1887	33.3	1	3
1872 1886	33.3	1	3
1873 1885	33.3	1	3
1874 1884	33.3	1	3
1875 1883	33.3	1	3
1920 1933	33.3	1	3
1921 1932	33.3	1	3
1922 1931	33.3	1	3
1923 1930	33.3	1	3
1943 1982	33.3	1	3
1944 1981	33.3	1	3
1946 1979	33.3	1	3
1947 1978	33.3	1	3
1948 1977	33.3	1	3
1949 1976	33.3	1	3
1950 1975	33.3	1	3
1951 1974	33.3	1	3
1952 1973	33.3	1	3
1953 1972	33.3	1	3
1954 1968	33.3	1	3
1955 1967	33.3	1	3
1956 1966	33.3	1	3
1957 1965	33.3	1	3
1958 1964	33.3	1	3
3127 3233	33.3	1	3
3128 3232	33.3	1	3
3129 3231	33.3	1	3
3131 3228	33.3	1	3
3132 3227	33.3	1	3
3133 3226	33.3	1	3
3134 3225	33.3	1	3
3135 3224	33.3	1	3
3136 3223	33.3	1	3
3137 3222	33.3	1	3
3138 3221	33.3	1	3
3139 3220	33.3	1	3
3140 3219	33.3	1	3
3142 3217	33.3	1	3
3143 3216	33.3	1	3
3144 3215	33.3	1	3
3145 3214	33.3	1	3
3148 3211	33.3	1	3
3150 3209	33.3	1	3
3151 3208	33.3	1	3
3152 3207	33.3	1	3
3153 3204	33.3	1	3
3154 3203	33.3	1	3
3155 3202	33.3	1	3
3156 3201	33.3	1	3
3157 3200	33.3	1	3
3158 3199	33.3	1	3
3159 3198	33.3	1	3
3160 3197	33.3	1	3
3161 3196	33.3	1	3
3162 3195	33.3	1	3
3168 3189	33.3	1	3
3169 3188	33.3	1	3
3170 3187	33.3	1	3
3171 3186	33.3	1	3
3172 3185	33.3	1	3
3173 3184	33.3	1	3
3174 3183	33.3	1	3
3175 3182	33.3	1	3
3836 3867	33.3	1	3
3837 3866	33.3	1	3
3838 3865	33.3	1	3
3843 3860	33.3	1	3
3845 3858	33.3	1	3
3872 3947	33.3	1	3
3874 3945	33.3	1	3
3878 3944	33.3	1	3
3879 3943	33.3	1	3
3880 3942	33.3	1	3
3881 3941	33.3	1	3
3882 3940	33.3	1	3
3883 3939	33.3	1	3
3884 3938	33.3	1	3
3889 3935	33.3	1	3
3890 3934	33.3	1	3
3891 3933	33.3	1	3
3892 3932	33.3	1	3
3894 3931	33.3	1	3
3895 3930	33.3	1	3
3897 3928	33.3	1	3
3898 3927	33.3	1	3
3899 3926	33.3	1	3
3900 3925	33.3	1	3
3901 3924	33.3	1	3
3902 3923	33.3	1	3
3903 3922	33.3	1	3
3904 3921	33.3	1	3
3905 3920	33.3	1	3
3906 3919	33.3	1	3
3907 3918	33.3	1	3
3908 3916	33.3	1	3
3909 3915	33.3	1	3
3910 3914	33.3	1	3
3963 3974	33.3	1	3
3964 3973	33.3	1	3
3965 3972	33.3	1	3
4281 4294	33.3	1	3
4282 4293	33.3	1	3
4283 4292	33.3	1	3
4297 4318	33.3	1	3
4298 4317	33.3	1	3
4299 4316	33.3	1	3
4303 4312	33.3	1	3
4304 4311	33.3	1	3
4305 4310	33.3	1	3
4321 4343	33.3	1	3
4322 4342	33.3	1	3
4323 4341	33.3	1	3
4324 4340	33.3	1	3
4325 4339	33.3	1	3
4326 4338	33.3	1	3
4327 4337	33.3	1	3
4328 4336	33.3	1	3
4371 4413	33.3	1	3
4372 4412	33.3	1	3
4373 4411	33.3	1	3
4374 4410	33.3	1	3
4375 4409	33.3	1	3
4376 4408	33.3	1	3
4378 4406	33.3	1	3
4379 4405	33.3	1	3
4382 4402	33.3	1	3
4383 4401	33.3	1	3
4384 4400	33.3	1	3
4385 4399	33.3	1	3
4386 4398	33.3	1	3
4387 4397	33.3	1	3
4420 4437	33.3	1	3
4421 4436	33.3	1	3
4422 4435	33.3	1	3
4423 4434	33.3	1	3
4438 4460	33.3	1	3
4439 4459	33.3	1	3
4440 4458	33.3	1	3
4441 4457	33.3	1	3
4442 4456	33.3	1	3
4443 4455	33.3	1	3
4444 4454	33.3	1	3
4643 4687	33.3	1	3
4644 4686	33.3	1	3
4645 4685	33.3	1	3
4646 4684	33.3	1	3
4647 4683	33.3	1	3
5096 5145	33.3	1	3
5097 5144	33.3	1	3
5098 5143	33.3	1	3
5099 5142	33.3	1	3
5100 5141	33.3	1	3
5101 5140	33.3	1	3
5103 5139	33.3	1	3
5105 5137	33.3	1	3
5106 5136	33.3	1	3
5107 5134	33.3	1	3
5108 5133	33.3	1	3
5109 5132	33.3	1	3
5110 5131	33.3	1	3
5111 5130	33.3	1	3
5113 5128	33.3	1	3
5114 5127	33.3	1	3
5115 5126	33.3	1	3
5116 5125	33.3	1	3
5117 5124	33.3	1	3
5118 5123	33.3	1	3
5153 5199	33.3	1	3
5154 5198	33.3	1	3
5155 5197	33.3	1	3
5156 5196	33.3	1	3
5158 5195	33.3	1	3
5159 5194	33.3	1	3
5160 5193	33.3	1	3
5162 5191	33.3	1	3
5163 5190	33.3	1	3
5164 5189	33.3	1	3
5165 5188	33.3	1	3
5166 5187	33.3	1	3
5167 5186	33.3	1	3
5168 5185	33.3	1	3
5169 5184	33.3	1	3
5170 5183	33.3	1	3
5171 5182	33.3	1	3
5172 5181	33.3	1	3
5173 5180	33.3	1	3
5174 5179	33.3	1	3
5201 5259	33.3	1	3
5202 5258	33.3	1	3
5203 5257	33.3	1	3
5204 5256	33.3	1	3
5205 5255	33.3	1	3
5206 5254	33.3	1	3
5207 5253	33.3	1	3
5208 5252	33.3	1	3
5209 5251	33.3	1	3
5210 5250	33.3	1	3
5211 5249	33.3	1	3
5212 5245	33.3	1	3
5213 5244	33.3	1	3
5214 5243	33.3	1	3
5215 5242	33.3	1	3
5216 5241	33.3	1	3
5217 5239	33.3	1	3
5218 5238	33.3	1	3
5219 5237	33.3	1	3
5220 5236	33.3	1	3
5221 5235	33.3	1	3
5222 5234	33.3	1	3
5223 5233	33.3	1	3
5224 5232	33.3	1	3
5225 5231	33.3	1	3
5275 5293	33.3	1	3
5276 5292	33.3	1	3
5277 5291	33.3	1	3
5278 5290	33.3	1	3
5279 5283	33.3	1	3
5464 5489	33.3	1	3
5465 5488	33.3	1	3
5466 5487	33.3	1	3
5467 5486	33.3	1	3
5468 5485	33.3	1	3
5469 5484	33.3	1	3
5470 5483	33.3	1	3
5472 5481	33.3	1	3
5473 5480	33.3	1	3
5491 5513	33.3	1	3
5492 5512	33.3	1	3
5493 5511	33.3	1	3
5494 5510	33.3	1	3
5495 5509	33.3	1	3
5498 5508	33.3	1	3
5499 5507	33.3	1	3
5500 5506	33.3	1	3
5520 5541	33.3	1	3
5521 5540	33.3	1	3
5522 5539	33.3	1	3
5523 5538	33.3	1	3
5524 5537	33.3	1	3
5525 5536	33.3	1	3
5526 5535	33.3	1	3
5556 5597	33.3	1	3
5557 5596	33.3	1	3
5558 5595	33.3	1	3
5559 5594	33.3	1	3
5560 5593	33.3	1	3
5561 5591	33.3	1	3
5562 5590	33.3	1	3
5563 5589	33.3	1	3
5564 5588	33.3	1	3
5567 5584	33.3	1	3
5568 5583	33.3	1	3
5569 5582	33.3	1	3
5570 5581	33.3	1	3
5571 5580	33.3	1	3
5572 5579	33.3	1	3
5573 5578	33.3	1	3
5598 5607	33.3	1	3
5599 5606	33.3	1	3
5616 5646	33.3	1	3
5617 5645	33.3	1	3
5618 5644	33.3	1	3
5619 5643	33.3	1	3
5620 5642	33.3	1	3
5621 5641	33.3	1	3
5622 5640	33.3	1	3
5623 5639	33.3	1	3
5625 5638	33.3	1	3
5626 5637	33.3	1	3
5627 5636	33.3	1	3
5628 5635	33.3	1	3
5629 5634	33.3	1	3
5651 5702	33.3	1	3
5652 5701	33.3	1	3
5653 5700	33.3	1	3
5654 5699	33.3	1	3
5655 5698	33.3	1	3
5656 5697	33.3	1	3
5657 5696	33.3	1	3
5658 5695	33.3	1	3
5659 5693	33.3	1	3
5660 5692	33.3	1	3
5663 5689	33.3	1	3
5665 5687	33.3	1	3
5666 5686	33.3	1	3
5667 5685	33.3	1	3
5668 5684	33.3	1	3
5669 5683	33.3	1	3
5670 5682	33.3	1	3
5671 5681	33.3	1	3
5672 5680	33.3	1	3
5673 5679	33.3	1	3
5674 5678	33.3	1	3
6613 6626	33.3	1	3
6614 6625	33.3	1	3
6615 6624	33.3	1	3
6616 6623	33.3	1	3
6617 6622	33.3	1	3
6629 6735	33.3	1	3
6630 6734	33.3	1	3
6631 6733	33.3	1	3
6632 6732	33.3	1	3
6633 6731	33.3	1	3
6643 6730	33.3	1	3
6644 6729	33.3	1	3
6764 6846	33.3	1	3
6765 6845	33.3	1	3
6766 6844	33.3	1	3
6767 6843	33.3	1	3
6768 6842	33.3	1	3
6769 6841	33.3	1	3
6770 6840	33.3	1	3
6771 6839	33.3	1	3
6775 6835	33.3	1	3
6776 6834	33.3	1	3
6882 6921	33.3	1	3
6883 6920	33.3	1	3
6884 6919	33.3	1	3
6885 6918	33.3	1	3
6886 6917	33.3	1	3
6887 6916	33.3	1	3
6888 6915	33.3	1	3
6889 6914	33.3	1	3
6890 6913	33.3	1	3
6891 6912	33.3	1	3
6892 6911	33.3	1	3
6893 6910	33.3	1	3
6894 6909	33.3	1	3
6895 6908	33.3	1	3
6896 6907	33.3	1	3
6897 6906	33.3	1	3
6898 6905	33.3	1	3
7050 7126	33.3	1	3
7054 7125	33.3	1	3
7055 7124	33.3	1	3
7056 7123	33.3	1	3
7057 7122	33.3	1	3
7058 7121	33.3	1	3
7060 7120	33.3	1	3
7061 7119	33.3	1	3
7062 7118	33.3	1	3
7063 7117	33.3	1	3
7065 7115	33.3	1	3
7066 7114	33.3	1	3
7067 7113	33.3	1	3
7068 7112	33.3	1	3
7069 7111	33.3	1	3
7070 7110	33.3	1	3
7071 7109	33.3	1	3
7072 7108	33.3	1	3
7074 7107	33.3	1	3
7075 7106	33.3	1	3
7076 7105	33.3	1	3
7077 7104	33.3	1	3
7081 7102	33.3	1	3
7082 7101	33.3	1	3
7083 7100	33.3	1	3
7085 7098	33.3	1	3
7086 7097	33.3	1	3
7087 7096	33.3	1	3
7162 7186	33.3	1	3
7163 7185	33.3	1	3
7164 7184	33.3	1	3
7165 7183	33.3	1	3
7167 7181	33.3	1	3
7168 7180	33.3	1	3
7169 7179	33.3	1	3
7170 7178	33.3	1	3
7171 7177	33.3	1	3
7172 7176	33.3	1	3
7482 7565	33.3	1	3
7483 7564	33.3	1	3
7484 7563	33.3	1	3
7487 7560	33.3	1	3
7488 7559	33.3	1	3
7490 7558	33.3	1	3
7491 7557	33.3	1	3
7492 7556	33.3	1	3
7493 7555	33.3	1	3
7494 7554	33.3	1	3
7495 7553	33.3	1	3
7496 7552	33.3	1	3
7497 7551	33.3	1	3
7498 7550	33.3	1	3
7499 7549	33.3	1	3
7500 7548	33.3	1	3
7501 7545	33.3	1	3
7502 7544	33.3	1	3
7503 7543	33.3	1	3
7506 7540	33.3	1	3
7507 7539	33.3	1	3
7508 7538	33.3	1	3
7509 7537	33.3	1	3
7510 7536	33.3	1	3
7511 7535	33.3	1	3
8509 8661	33.3	1	3
8510 8660	33.3	1	3
8511 8659	33.3	1	3
8512 8604	33.3	1	3
8513 8603	33.3	1	3
8514 8602	33.3	1	3
8515 8601	33.3	1	3
8517 8595	33.3	1	3
8536 8594	33.3	1	3
8538 8592	33.3	1	3
8539 8591	33.3	1	3
8540 8590	33.3	1	3
8543 8588	33.3	1	3
8544 8587	33.3	1	3
8545 8586	33.3	1	3
8546 8585	33.3	1	3
8547 8584	33.3	1	3
8548 8583	33.3	1	3
8549 8582	33.3	1	3
8550 8581	33.3	1	3
8556 8575	33.3	1	3
8557 8574	33.3	1	3
8558 8573	33.3	1	3
8559 8572	33.3	1	3
8560 8571	33.3	1	3
8562 8569	33.3	1	3
8563 8568	33.3	1	3
8664 8689	33.3	1	3
8665 8688	33.3	1	3
8667 8686	33.3	1	3
8668 8685	33.3	1	3
8669 8684	33.3	1	3
8670 8683	33.3	1	3
8672 8681	33.3	1	3
8673 8680	33.3	1	3
8674 8679	33.3	1	3
8760 8864	33.3	1	3
8766 8860	33.3	1	3
8769 8856	33.3	1	3
8770 8855	33.3	1	3
8771 8854	33.3	1	3
8773 8852	33.3	1	3
8774 8851	33.3	1	3
8775 8850	33.3	1	3
8777 8848	33.3	1	3
8778 8847	33.3	1	3
8779 8846	33.3	1	3
8780 8845	33.3	1	3
8781 8844	33.3	1	3
8782 8843	33.3	1	3
8783 8842	33.3	1	3
8787 8841	33.3	1	3
8788 8840	33.3	1	3
8789 8839	33.3	1	3
8790 8838	33.3	1	3
8791 8837	33.3	1	3
9955 10050	33.3	1	3
9956 10049	33.3	1	3
9962 10042	33.3	1	3
9963 10041	33.3	1	3
9965 10039	33.3	1	3
9966 10038	33.3	1	3
9967 10037	33.3	1	3
9968 10036	33.3	1	3
9969 10035	33.3	1	3
9975 10030	33.3	1	3
9976 10029	33.3	1	3
9981 10026	33.3	1	3
9982 10025	33.3	1	3
9983 10024	33.3	1	3
9984 10023	33.3	1	3
9985 10022	33.3	1	3
9986 10021	33.3	1	3
9987 10020	33.3	1	3
9994 10014	33.3	1	3
10082 10192	33.3	1	3
10083 10191	33.3	1	3
10088 10186	33.3	1	3
10090 10149	33.3	1	3
10091 10148	33.3	1	3
10092 10147	33.3	1	3
10093 10146	33.3	1	3
10094 10145	33.3	1	3
10095 10144	33.3	1	3
10317 10407	33.3	1	3
10318 10406	33.3	1	3
10319 10405	33.3	1	3
10320 10404	33.3	1	3
10322 10402	33.3	1	3
10323 10401	33.3	1	3
10540 10623	33.3	1	3
10541 10622	33.3	1	3
10542 10621	33.3	1	3
10546 10612	33.3	1	3
10547 10611	33.3	1	3
11045 11144	33.3	1	3
11046 11143	33.3	1	3
11048 11141	33.3	1	3
11230 11317	33.3	1	3
11231 11316	33.3	1	3
11232 11315	33.3	1	3
11235 11311	33.3	1	3
11236 11310	33.3	1	3
11237 11309	33.3	1	3
11238 11308	33.3	1	3
11239 11307	33.3	1	3
11240 11306	33.3	1	3
11241 11305	33.3	1	3
11244 11304	33.3	1	3
11344 11434	33.3	1	3
11345 11433	33.3	1	3
11347 11431	33.3	1	3
11348 11430	33.3	1	3
11349 11427	33.3	1	3
11350 11426	33.3	1	3
11351 11425	33.3	1	3
11352 11424	33.3	1	3
11353 11423	33.3	1	3
11358 11418	33.3	1	3
11915 12016	33.3	1	3
11916 12015	33.3	1	3
11917 12014	33.3	1	3
11918 12013	33.3	1	3
11921 12010	33.3	1	3
11922 12009	33.3	1	3
11923 12008	33.3	1	3
11925 12006	33.3	1	3
11926 12005	33.3	1	3
11927 12004	33.3	1	3
11928 12002	33.3	1	3
11929 12001	33.3	1	3
11930 12000	33.3	1	3
11931 11999	33.3	1	3
11932 11998	33.3	1	3
11933 11996	33.3	1	3
11934 11995	33.3	1	3
11938 11989	33.3	1	3
11939 11988	33.3	1	3
11940 11986	33.3	1	3
11941 11985	33.3	1	3
11942 11984	33.3	1	3
11944 11981	33.3	1	3
11945 11980	33.3	1	3
12511 12499	33.3	1	3
12510 12500	33.3	1	3
12509 12501	33.3	1	3
12508 12502	33.3	1	3
12507 12503	33.3	1	3
12521 12376	33.3	1	3
73 163	33.3	1	3
79 151	33.3	1	3
80 150	33.3	1	3
81 149	33.3	1	3
83 147	33.3	1	3
166 209	33.3	1	3
167 208	33.3	1	3
168 207	33.3	1	3
169 206	33.3	1	3
215 285	33.3	1	3
216 284	33.3	1	3
217 283	33.3	1	3
220 280	33.3	1	3
221 279	33.3	1	3
222 278	33.3	1	3
223 277	33.3	1	3
224 276	33.3	1	3
225 275	33.3	1	3
226 274	33.3	1	3
227 273	33.3	1	3
246 261	33.3	1	3
247 260	33.3	1	3
248 259	33.3	1	3
249 258	33.3	1	3
250 257	33.3	1	3
251 256	33.3	1	3
546 669	33.3	1	3
548 667	33.3	1	3
549 666	33.3	1	3
551 664	33.3	1	3
552 663	33.3	1	3
597 661	33.3	1	3
598 660	33.3	1	3
599 659	33.3	1	3
600 658	33.3	1	3
601 657	33.3	1	3
602 656	33.3	1	3
603 655	33.3	1	3
604 654	33.3	1	3
607 636	33.3	1	3
608 635	33.3	1	3
609 634	33.3	1	3
610 633	33.3	1	3
611 632	33.3	1	3
612 631	33.3	1	3
613 628	33.3	1	3
614 627	33.3	1	3
615 626	33.3	1	3
616 625	33.3	1	3
617 624	33.3	1	3
618 623	33.3	1	3
673 706	33.3	1	3
674 705	33.3	1	3
675 704	33.3	1	3
678 695	33.3	1	3
679 694	33.3	1	3
681 691	33.3	1	3
682 689	33.3	1	3
1509 1530	33.3	1	3
1510 1529	33.3	1	3
1511 1528	33.3	1	3
1512 1527	33.3	1	3
1513 1526	33.3	1	3
1514 1525	33.3	1	3
1515 1524	33.3	1	3
1534 1553	33.3	1	3
1535 1552	33.3	1	3
1536 1551	33.3	1	3
1537 1550	33.3	1	3
1538 1549	33.3	1	3
1539 1548	33.3	1	3
1540 1547	33.3	1	3
1555 1607	33.3	1	3
1556 1606	33.3	1	3
1557 1605	33.3	1	3
1558 1604	33.3	1	3
1559 1603	33.3	1	3
1561 1602	33.3	1	3
1562 1601	33.3	1	3
1563 1600	33.3	1	3
1564 1599	33.3	1	3
1565 1598	33.3	1	3
1566 1597	33.3	1	3
1568 1596	33.3	1	3
1569 1595	33.3	1	3
1570 1594	33.3	1	3
1573 1591	33.3	1	3
1574 1590	33.3	1	3
1575 1589	33.3	1	3
1576 1588	33.3	1	3
1577 1587	33.3	1	3
1578 1586	33.3	1	3
1579 1585	33.3	1	3
4317 4330	33.3	1	3
4318 4329	33.3	1	3
4319 4328	33.3	1	3
4320 4327	33.3	1	3
4321 4326	33.3	1	3
5073 5226	33.3	1	3
5074 5225	33.3	1	3
5075 5224	33.3	1	3
5076 5223	33.3	1	3
5077 5222	33.3	1	3
5082 5219	33.3	1	3
5083 5218	33.3	1	3
5084 5217	33.3	1	3
5085 5216	33.3	1	3
5086 5215	33.3	1	3
5087 5157	33.3	1	3
5088 5156	33.3	1	3
5089 5155	33.3	1	3
5090 5154	33.3	1	3
5091 5153	33.3	1	3
5092 5152	33.3	1	3
5093 5149	33.3	1	3
5094 5148	33.3	1	3
5095 5147	33.3	1	3
5098 5144	33.3	1	3
5099 5143	33.3	1	3
5100 5142	33.3	1	3
5101 5141	33.3	1	3
5988 6096	33.3	1	3
5989 6095	33.3	1	3
5990 6094	33.3	1	3
5991 6088	33.3	1	3
5992 6087	33.3	1	3
5993 6086	33.3	1	3
5994 6085	33.3	1	3
5995 6084	33.3	1	3
5996 6083	33.3	1	3
6000 6079	33.3	1	3
6001 6078	33.3	1	3
7194 7288	33.3	1	3
7195 7287	33.3	1	3
7196 7286	33.3	1	3
7197 7285	33.3	1	3
7198 7284	33.3	1	3
7329 7432	33.3	1	3
7330 7431	33.3	1	3
7331 7430	33.3	1	3
7332 7429	33.3	1	3
7333 7428	33.3	1	3
7334 7427	33.3	1	3
7335 7426	33.3	1	3
7336 7425	33.3	1	3
7337 7424	33.3	1	3
7338 7422	33.3	1	3
7339 7421	33.3	1	3
7340 7356	33.3	1	3
7341 7355	33.3	1	3
7357 7399	33.3	1	3
7358 7398	33.3	1	3
7359 7397	33.3	1	3
7360 7396	33.3	1	3
7361 7389	33.3	1	3
7362 7388	33.3	1	3
7370 7382	33.3	1	3
7371 7381	33.3	1	3
7372 7380	33.3	1	3
7373 7379	33.3	1	3
7401 7419	33.3	1	3
7411 7418	33.3	1	3
7412 7417	33.3	1	3
8782 8882	33.3	1	3
8783 8881	33.3	1	3
8784 8880	33.3	1	3
8785 8879	33.3	1	3
8786 8878	33.3	1	3
8789 8876	33.3	1	3
8790 8875	33.3	1	3
8799 8874	33.3	1	3
8800 8873	33.3	1	3
8801 8872	33.3	1	3
8803 8870	33.3	1	3
8804 8867	33.3	1	3
8805 8866	33.3	1	3
8806 8865	33.3	1	3
8886 8894	33.3	1	3
8887 8893	33.3	1	3
9119 9229	33.3	1	3
9120 9228	33.3	1	3
9121 9227	33.3	1	3
9586 9671	33.3	1	3
9587 9670	33.3	1	3
9588 9669	33.3	1	3
9589 9668	33.3	1	3
9590 9667	33.3	1	3
9591 9666	33.3	1	3
9592 9665	33.3	1	3
9601 9660	33.3	1	3
9602 9659	33.3	1	3
9603 9658	33.3	1	3
9604 9657	33.3	1	3
9606 9655	33.3	1	3
9607 9654	33.3	1	3
9608 9653	33.3	1	3
9609 9651	33.3	1	3
9610 9650	33.3	1	3
9611 9649	33.3	1	3
9612 9648	33.3	1	3
9614 9646	33.3	1	3
9615 9645	33.3	1	3
9616 9644	33.3	1	3
9621 9642	33.3	1	3
9834 9904	33.3	1	3
9835 9903	33.3	1	3
9836 9902	33.3	1	3
9837 9901	33.3	1	3
10949 11000	33.3	1	3
10950 10999	33.3	1	3
10951 10998	33.3	1	3
10952 10997	33.3	1	3
10956 10992	33.3	1	3
10957 10991	33.3	1	3
10958 10990	33.3	1	3
10959 10989	33.3	1	3
10960 10988	33.3	1	3
10961 10987	33.3	1	3
10963 10985	33.3	1	3
10967 10981	33.3	1	3
10968 10980	33.3	1	3
10969 10979	33.3	1	3
11489 11608	33.3	1	3
11942 11969	33.3	1	3
11943 11968	33.3	1	3
12110 12142	33.3	1	3
12111 12141	33.3	1	3
12112 12140	33.3	1	3
12115 12138	33.3	1	3
12116 12137	33.3	1	3
12117 12136	33.3	1	3
12118 12135	33.3	1	3
12119 12134	33.3	1	3
12120 12133	33.3	1	3
12124 12132	33.3	1	3
12125 12131	33.3	1	3
12126 12130	33.3	1	3
12153 12235	33.3	1	3
12154 12234	33.3	1	3
12155 12233	33.3	1	3
12157 12231	33.3	1	3
12158 12230	33.3	1	3
12166 12222	33.3	1	3
12168 12220	33.3	1	3
12170 12214	33.3	1	3
12171 12213	33.3	1	3
12172 12212	33.3	1	3
12173 12211	33.3	1	3
12174 12210	33.3	1	3
12187 12197	33.3	1	3
12188 12196	33.3	1	3
