2 18	33.3	1	3
3 17	33.3	1	3
4 16	33.3	1	3
7 13	33.3	1	3
22 44	33.3	1	3
23 43	33.3	1	3
25 41	33.3	1	3
28 38	33.3	1	3
29 37	33.3	1	3
30 36	33.3	1	3
31 35	33.3	1	3
56 105	33.3	1	3
57 104	33.3	1	3
63 98	33.3	1	3
64 97	33.3	1	3
67 93	33.3	1	3
68 92	33.3	1	3
71 90	33.3	1	3
72 89	33.3	1	3
73 88	33.3	1	3
74 87	33.3	1	3
107 126	33.3	1	3
108 125	33.3	1	3
109 124	33.3	1	3
110 123	33.3	1	3
111 122	33.3	1	3
130 158	33.3	1	3
131 157	33.3	1	3
132 156	33.3	1	3
133 155	33.3	1	3
134 154	33.3	1	3
137 152	33.3	1	3
138 151	33.3	1	3
139 150	33.3	1	3
140 149	33.3	1	3
141 148	33.3	1	3
172 219	33.3	1	3
173 218	33.3	1	3
174 217	33.3	1	3
175 216	33.3	1	3
176 215	33.3	1	3
178 211	33.3	1	3
179 210	33.3	1	3
180 209	33.3	1	3
181 208	33.3	1	3
182 206	33.3	1	3
183 205	33.3	1	3
184 204	33.3	1	3
187 203	33.3	1	3
188 202	33.3	1	3
189 201	33.3	1	3
190 200	33.3	1	3
191 199	33.3	1	3
220 248	33.3	1	3
221 247	33.3	1	3
222 246	33.3	1	3
223 245	33.3	1	3
224 244	33.3	1	3
225 243	33.3	1	3
235 242	33.3	1	3
250 269	33.3	1	3
251 268	33.3	1	3
252 267	33.3	1	3
253 266	33.3	1	3
254 265	33.3	1	3
255 264	33.3	1	3
256 263	33.3	1	3
257 262	33.3	1	3
273 293	33.3	1	3
274 292	33.3	1	3
275 291	33.3	1	3
276 290	33.3	1	3
277 289	33.3	1	3
278 288	33.3	1	3
279 287	33.3	1	3
280 286	33.3	1	3
281 285	33.3	1	3
297 314	33.3	1	3
298 313	33.3	1	3
299 312	33.3	1	3
300 311	33.3	1	3
301 310	33.3	1	3
302 309	33.3	1	3
303 308	33.3	1	3
319 332	33.3	1	3
320 331	33.3	1	3
321 330	33.3	1	3
322 329	33.3	1	3
323 328	33.3	1	3
339 402	33.3	1	3
340 400	33.3	1	3
341 399	33.3	1	3
342 398	33.3	1	3
344 396	33.3	1	3
345 395	33.3	1	3
365 385	33.3	1	3
366 384	33.3	1	3
367 383	33.3	1	3
368 382	33.3	1	3
369 381	33.3	1	3
370 379	33.3	1	3
371 378	33.3	1	3
372 377	33.3	1	3
423 447	33.3	1	3
424 446	33.3	1	3
425 445	33.3	1	3
426 444	33.3	1	3
427 443	33.3	1	3
428 442	33.3	1	3
429 441	33.3	1	3
464 477	33.3	1	3
465 476	33.3	1	3
466 475	33.3	1	3
467 474	33.3	1	3
468 473	33.3	1	3
503 526	33.3	1	3
504 525	33.3	1	3
505 524	33.3	1	3
508 521	33.3	1	3
509 520	33.3	1	3
510 519	33.3	1	3
511 518	33.3	1	3
603 664	33.3	1	3
604 663	33.3	1	3
605 662	33.3	1	3
606 661	33.3	1	3
607 660	33.3	1	3
608 659	33.3	1	3
610 657	33.3	1	3
612 655	33.3	1	3
613 654	33.3	1	3
614 653	33.3	1	3
616 651	33.3	1	3
617 650	33.3	1	3
618 649	33.3	1	3
619 645	33.3	1	3
623 643	33.3	1	3
624 642	33.3	1	3
625 641	33.3	1	3
626 640	33.3	1	3
1244 1259	33.3	1	3
1245 1258	33.3	1	3
1262 1288	33.3	1	3
1492 1583	33.3	1	3
1493 1582	33.3	1	3
1494 1581	33.3	1	3
1495 1580	33.3	1	3
1496 1579	33.3	1	3
1497 1578	33.3	1	3
1498 1577	33.3	1	3
1500 1546	33.3	1	3
1501 1545	33.3	1	3
1502 1544	33.3	1	3
1503 1543	33.3	1	3
1504 1542	33.3	1	3
1505 1537	33.3	1	3
1506 1536	33.3	1	3
1507 1535	33.3	1	3
1508 1534	33.3	1	3
1509 1533	33.3	1	3
1510 1532	33.3	1	3
1512 1531	33.3	1	3
1513 1530	33.3	1	3
1514 1529	33.3	1	3
1515 1528	33.3	1	3
1516 1527	33.3	1	3
1519 1526	33.3	1	3
1520 1525	33.3	1	3
1549 1572	33.3	1	3
1550 1571	33.3	1	3
1551 1570	33.3	1	3
1552 1569	33.3	1	3
1553 1568	33.3	1	3
1554 1567	33.3	1	3
1556 1565	33.3	1	3
1557 1564	33.3	1	3
1558 1563	33.3	1	3
1705 1757	33.3	1	3
1706 1756	33.3	1	3
1707 1755	33.3	1	3
1708 1754	33.3	1	3
1709 1753	33.3	1	3
1711 1752	33.3	1	3
1712 1751	33.3	1	3
1715 1748	33.3	1	3
1716 1747	33.3	1	3
1717 1746	33.3	1	3
1718 1745	33.3	1	3
1722 1741	33.3	1	3
1723 1740	33.3	1	3
1724 1739	33.3	1	3
1725 1738	33.3	1	3
2028 2040	33.3	1	3
2029 2039	33.3	1	3
2030 2038	33.3	1	3
2031 2037	33.3	1	3
2032 2036	33.3	1	3
2136 2163	33.3	1	3
2137 2162	33.3	1	3
2138 2161	33.3	1	3
2142 2157	33.3	1	3
2143 2156	33.3	1	3
2144 2155	33.3	1	3
2145 2154	33.3	1	3
2146 2153	33.3	1	3
2147 2152	33.3	1	3
2166 2227	33.3	1	3
2167 2226	33.3	1	3
2168 2225	33.3	1	3
2169 2224	33.3	1	3
2170 2223	33.3	1	3
2171 2222	33.3	1	3
2172 2221	33.3	1	3
2173 2220	33.3	1	3
2174 2219	33.3	1	3
2175 2218	33.3	1	3
2197 2217	33.3	1	3
2199 2211	33.3	1	3
2200 2210	33.3	1	3
2201 2209	33.3	1	3
2202 2208	33.3	1	3
2241 2305	33.3	1	3
2242 2304	33.3	1	3
2243 2303	33.3	1	3
2244 2302	33.3	1	3
2245 2253	33.3	1	3
2341 2445	33.3	1	3
2342 2444	33.3	1	3
2343 2443	33.3	1	3
2344 2439	33.3	1	3
2345 2438	33.3	1	3
2346 2436	33.3	1	3
2347 2435	33.3	1	3
2348 2434	33.3	1	3
2352 2431	33.3	1	3
2353 2430	33.3	1	3
2354 2429	33.3	1	3
2355 2428	33.3	1	3
2356 2427	33.3	1	3
2357 2426	33.3	1	3
2634 2655	33.3	1	3
2635 2654	33.3	1	3
2636 2653	33.3	1	3
2637 2652	33.3	1	3
2638 2651	33.3	1	3
2639 2650	33.3	1	3
2640 2649	33.3	1	3
2641 2648	33.3	1	3
2642 2647	33.3	1	3
2656 2790	33.3	1	3
2657 2789	33.3	1	3
2659 2721	33.3	1	3
2660 2720	33.3	1	3
2661 2719	33.3	1	3
2662 2718	33.3	1	3
2663 2717	33.3	1	3
2664 2716	33.3	1	3
2665 2715	33.3	1	3
2666 2713	33.3	1	3
2667 2712	33.3	1	3
2668 2711	33.3	1	3
2669 2710	33.3	1	3
2670 2705	33.3	1	3
2671 2704	33.3	1	3
2672 2703	33.3	1	3
2673 2702	33.3	1	3
2676 2699	33.3	1	3
2677 2698	33.3	1	3
2678 2697	33.3	1	3
2679 2696	33.3	1	3
2680 2695	33.3	1	3
2681 2694	33.3	1	3
2682 2693	33.3	1	3
2683 2692	33.3	1	3
2684 2691	33.3	1	3
3246 3282	33.3	1	3
3249 3279	33.3	1	3
3250 3278	33.3	1	3
3251 3276	33.3	1	3
3252 3275	33.3	1	3
3254 3273	33.3	1	3
3255 3272	33.3	1	3
3256 3271	33.3	1	3
3257 3270	33.3	1	3
3300 3328	33.3	1	3
3303 3326	33.3	1	3
3304 3325	33.3	1	3
3305 3324	33.3	1	3
3306 3323	33.3	1	3
3307 3322	33.3	1	3
3309 3321	33.3	1	3
3310 3320	33.3	1	3
3311 3319	33.3	1	3
3312 3318	33.3	1	3
3313 3317	33.3	1	3
3333 3451	33.3	1	3
3334 3450	33.3	1	3
3335 3449	33.3	1	3
3336 3448	33.3	1	3
3337 3447	33.3	1	3
3338 3446	33.3	1	3
3341 3443	33.3	1	3
3342 3442	33.3	1	3
3373 3441	33.3	1	3
3374 3434	33.3	1	3
3375 3433	33.3	1	3
3376 3432	33.3	1	3
3377 3431	33.3	1	3
3378 3430	33.3	1	3
3383 3425	33.3	1	3
3384 3424	33.3	1	3
3385 3423	33.3	1	3
3386 3422	33.3	1	3
3390 3419	33.3	1	3
3406 3418	33.3	1	3
3407 3417	33.3	1	3
3408 3416	33.3	1	3
3517 3608	33.3	1	3
3520 3605	33.3	1	3
3531 3560	33.3	1	3
3532 3559	33.3	1	3
3533 3558	33.3	1	3
3534 3557	33.3	1	3
3535 3556	33.3	1	3
3536 3555	33.3	1	3
3537 3554	33.3	1	3
3538 3553	33.3	1	3
3539 3552	33.3	1	3
3540 3550	33.3	1	3
3541 3549	33.3	1	3
3562 3578	33.3	1	3
3563 3577	33.3	1	3
3564 3576	33.3	1	3
3565 3575	33.3	1	3
3566 3574	33.3	1	3
3568 3573	33.3	1	3
3580 3603	33.3	1	3
3581 3602	33.3	1	3
3583 3601	33.3	1	3
3584 3600	33.3	1	3
3614 3636	33.3	1	3
3615 3635	33.3	1	3
3616 3634	33.3	1	3
3617 3633	33.3	1	3
3619 3631	33.3	1	3
3620 3630	33.3	1	3
3621 3629	33.3	1	3
3872 3950	33.3	1	3
4291 4300	33.3	1	3
4292 4299	33.3	1	3
4293 4298	33.3	1	3
4348 4463	33.3	1	3
4349 4462	33.3	1	3
4350 4461	33.3	1	3
4351 4460	33.3	1	3
4353 4458	33.3	1	3
4354 4457	33.3	1	3
4355 4456	33.3	1	3
4357 4454	33.3	1	3
4359 4453	33.3	1	3
4360 4452	33.3	1	3
4364 4436	33.3	1	3
4366 4374	33.3	1	3
4475 4509	33.3	1	3
4476 4508	33.3	1	3
4477 4507	33.3	1	3
4478 4506	33.3	1	3
4479 4505	33.3	1	3
4480 4504	33.3	1	3
4481 4503	33.3	1	3
4483 4501	33.3	1	3
4484 4500	33.3	1	3
4489 4496	33.3	1	3
4490 4495	33.3	1	3
4552 4572	33.3	1	3
4553 4571	33.3	1	3
4558 4567	33.3	1	3
4559 4566	33.3	1	3
4560 4565	33.3	1	3
5093 5157	33.3	1	3
5094 5156	33.3	1	3
5095 5155	33.3	1	3
5096 5154	33.3	1	3
5097 5153	33.3	1	3
5098 5152	33.3	1	3
5100 5150	33.3	1	3
5101 5149	33.3	1	3
5103 5147	33.3	1	3
5104 5146	33.3	1	3
5105 5145	33.3	1	3
5113 5144	33.3	1	3
5114 5143	33.3	1	3
5115 5142	33.3	1	3
5119 5138	33.3	1	3
5120 5137	33.3	1	3
5121 5136	33.3	1	3
5122 5135	33.3	1	3
5123 5134	33.3	1	3
5162 5215	33.3	1	3
5165 5176	33.3	1	3
5716 5774	33.3	1	3
5717 5773	33.3	1	3
5718 5772	33.3	1	3
5719 5771	33.3	1	3
5720 5770	33.3	1	3
5721 5769	33.3	1	3
5722 5768	33.3	1	3
5752 5765	33.3	1	3
5753 5764	33.3	1	3
5754 5763	33.3	1	3
5755 5762	33.3	1	3
5756 5761	33.3	1	3
5776 5802	33.3	1	3
5777 5801	33.3	1	3
5778 5800	33.3	1	3
5779 5799	33.3	1	3
6379 6457	33.3	1	3
6380 6456	33.3	1	3
6381 6455	33.3	1	3
6382 6454	33.3	1	3
6383 6453	33.3	1	3
6384 6452	33.3	1	3
6385 6451	33.3	1	3
6388 6448	33.3	1	3
6602 6694	33.3	1	3
6603 6693	33.3	1	3
6604 6692	33.3	1	3
6607 6689	33.3	1	3
6608 6688	33.3	1	3
6609 6684	33.3	1	3
6611 6683	33.3	1	3
6612 6682	33.3	1	3
6613 6681	33.3	1	3
6615 6679	33.3	1	3
6616 6678	33.3	1	3
6618 6677	33.3	1	3
6619 6676	33.3	1	3
6620 6675	33.3	1	3
6621 6674	33.3	1	3
6622 6673	33.3	1	3
6623 6672	33.3	1	3
6624 6671	33.3	1	3
6625 6669	33.3	1	3
6626 6668	33.3	1	3
6627 6667	33.3	1	3
6628 6666	33.3	1	3
6629 6665	33.3	1	3
6630 6664	33.3	1	3
6631 6663	33.3	1	3
6632 6662	33.3	1	3
6643 6660	33.3	1	3
6644 6659	33.3	1	3
6645 6658	33.3	1	3
6646 6657	33.3	1	3
6648 6656	33.3	1	3
6649 6655	33.3	1	3
6705 6718	33.3	1	3
6706 6717	33.3	1	3
6707 6716	33.3	1	3
6708 6715	33.3	1	3
6720 6742	33.3	1	3
6721 6741	33.3	1	3
6722 6739	33.3	1	3
6723 6738	33.3	1	3
6724 6737	33.3	1	3
6725 6736	33.3	1	3
6726 6735	33.3	1	3
6727 6734	33.3	1	3
6728 6733	33.3	1	3
6747 6837	33.3	1	3
6748 6836	33.3	1	3
6749 6835	33.3	1	3
6750 6834	33.3	1	3
6751 6833	33.3	1	3
6754 6829	33.3	1	3
6755 6828	33.3	1	3
6756 6827	33.3	1	3
6757 6826	33.3	1	3
6758 6825	33.3	1	3
6761 6791	33.3	1	3
6762 6790	33.3	1	3
6763 6777	33.3	1	3
6764 6776	33.3	1	3
6765 6774	33.3	1	3
6766 6773	33.3	1	3
6767 6772	33.3	1	3
6801 6820	33.3	1	3
6802 6819	33.3	1	3
6803 6818	33.3	1	3
6804 6817	33.3	1	3
6805 6816	66.7	2	3
6806 6815	66.7	2	3
6807 6814	66.7	2	3
6808 6813	33.3	1	3
6841 6862	33.3	1	3
6842 6861	33.3	1	3
6843 6860	33.3	1	3
6844 6859	33.3	1	3
6845 6858	33.3	1	3
6847 6856	33.3	1	3
6848 6855	33.3	1	3
6880 6935	33.3	1	3
6881 6934	33.3	1	3
6882 6933	33.3	1	3
6887 6929	33.3	1	3
6888 6928	33.3	1	3
6889 6927	33.3	1	3
6890 6926	33.3	1	3
6904 6914	33.3	1	3
6905 6913	33.3	1	3
6936 6952	33.3	1	3
6937 6951	33.3	1	3
6938 6950	33.3	1	3
6939 6949	33.3	1	3
6940 6948	33.3	1	3
6941 6947	33.3	1	3
6955 6978	33.3	1	3
6956 6977	33.3	1	3
6957 6976	33.3	1	3
6958 6975	33.3	1	3
6959 6974	33.3	1	3
6960 6973	33.3	1	3
6961 6972	33.3	1	3
8410 8601	33.3	1	3
8411 8600	33.3	1	3
8412 8599	33.3	1	3
8500 8598	33.3	1	3
8501 8597	33.3	1	3
8502 8596	33.3	1	3
8503 8595	33.3	1	3
8504 8593	33.3	1	3
8505 8592	33.3	1	3
8506 8591	33.3	1	3
8507 8590	33.3	1	3
8508 8545	33.3	1	3
8509 8544	33.3	1	3
8510 8543	33.3	1	3
8511 8542	33.3	1	3
8555 8587	33.3	1	3
8556 8586	33.3	1	3
8557 8585	33.3	1	3
8558 8584	33.3	1	3
8560 8582	33.3	1	3
8561 8581	33.3	1	3
8562 8580	33.3	1	3
8563 8579	33.3	1	3
8564 8578	33.3	1	3
8615 8627	33.3	1	3
8616 8626	33.3	1	3
8617 8625	33.3	1	3
8618 8624	33.3	1	3
8619 8623	33.3	1	3
8634 8661	33.3	1	3
8635 8660	33.3	1	3
8640 8654	33.3	1	3
8641 8653	33.3	1	3
8676 8701	33.3	1	3
8677 8700	33.3	1	3
8678 8699	33.3	1	3
8679 8698	33.3	1	3
8680 8697	33.3	1	3
8681 8696	33.3	1	3
8682 8695	33.3	1	3
8683 8694	33.3	1	3
8703 8739	33.3	1	3
8704 8738	33.3	1	3
8705 8737	33.3	1	3
8706 8736	33.3	1	3
8708 8734	33.3	1	3
8709 8733	33.3	1	3
8710 8732	33.3	1	3
8711 8731	33.3	1	3
8712 8730	33.3	1	3
8713 8729	33.3	1	3
8714 8728	33.3	1	3
8715 8727	33.3	1	3
8717 8725	33.3	1	3
8718 8724	33.3	1	3
8719 8723	33.3	1	3
8861 8973	33.3	1	3
9097 9122	33.3	1	3
9098 9121	33.3	1	3
9099 9120	33.3	1	3
9100 9119	33.3	1	3
9101 9118	33.3	1	3
9102 9117	33.3	1	3
9103 9116	33.3	1	3
9104 9115	33.3	1	3
9130 9141	33.3	1	3
9131 9140	33.3	1	3
9394 9412	33.3	1	3
9396 9410	33.3	1	3
9414 9492	33.3	1	3
9415 9491	33.3	1	3
9416 9490	33.3	1	3
9420 9485	33.3	1	3
9421 9484	33.3	1	3
9422 9483	33.3	1	3
9423 9482	33.3	1	3
9424 9481	33.3	1	3
9426 9480	33.3	1	3
9427 9479	33.3	1	3
9429 9478	33.3	1	3
9430 9477	33.3	1	3
9431 9476	33.3	1	3
9432 9475	33.3	1	3
9433 9474	33.3	1	3
9437 9472	33.3	1	3
9438 9471	33.3	1	3
9439 9470	33.3	1	3
9440 9469	33.3	1	3
9441 9468	33.3	1	3
9442 9465	33.3	1	3
9443 9464	33.3	1	3
9445 9462	33.3	1	3
9446 9461	33.3	1	3
9447 9460	33.3	1	3
9448 9459	33.3	1	3
9449 9458	33.3	1	3
9450 9457	33.3	1	3
9503 9524	33.3	1	3
9504 9523	33.3	1	3
9505 9522	33.3	1	3
9506 9521	33.3	1	3
9507 9520	33.3	1	3
10040 10056	33.3	1	3
10042 10054	33.3	1	3
10043 10053	33.3	1	3
10044 10052	33.3	1	3
10045 10051	33.3	1	3
10099 10127	33.3	1	3
10100 10126	33.3	1	3
10103 10123	33.3	1	3
10104 10122	33.3	1	3
10105 10121	33.3	1	3
10106 10120	33.3	1	3
10107 10119	33.3	1	3
10108 10118	33.3	1	3
10128 10152	33.3	1	3
10129 10151	33.3	1	3
10130 10150	33.3	1	3
10131 10149	33.3	1	3
10135 10145	33.3	1	3
10483 10511	33.3	1	3
10610 10726	33.3	1	3
10751 10817	33.3	1	3
10752 10816	33.3	1	3
10753 10815	33.3	1	3
10754 10814	33.3	1	3
10755 10813	33.3	1	3
10756 10812	33.3	1	3
10757 10811	33.3	1	3
10758 10810	33.3	1	3
10766 10800	33.3	1	3
10767 10799	33.3	1	3
10768 10798	33.3	1	3
10821 10843	33.3	1	3
10822 10842	33.3	1	3
10823 10841	33.3	1	3
10824 10840	33.3	1	3
10825 10839	33.3	1	3
10826 10838	33.3	1	3
10827 10837	33.3	1	3
10828 10836	33.3	1	3
10829 10835	33.3	1	3
11078 11168	33.3	1	3
11080 11166	33.3	1	3
11084 11162	33.3	1	3
11093 11149	33.3	1	3
11094 11148	33.3	1	3
11095 11147	33.3	1	3
11098 11145	33.3	1	3
11099 11144	33.3	1	3
11100 11143	33.3	1	3
11101 11142	33.3	1	3
11108 11135	33.3	1	3
11109 11134	33.3	1	3
11110 11133	33.3	1	3
11111 11132	33.3	1	3
11112 11131	33.3	1	3
11113 11130	33.3	1	3
11114 11129	33.3	1	3
11117 11126	33.3	1	3
11155 11175	33.3	1	3
11156 11174	33.3	1	3
11157 11173	33.3	1	3
11158 11171	33.3	1	3
11159 11170	33.3	1	3
11160 11169	33.3	1	3
11242 11308	33.3	1	3
11243 11307	33.3	1	3
11244 11306	33.3	1	3
11245 11305	33.3	1	3
11246 11304	33.3	1	3
11247 11302	33.3	1	3
11248 11301	33.3	1	3
11250 11297	33.3	1	3
11251 11296	33.3	1	3
11252 11295	33.3	1	3
11253 11293	33.3	1	3
11254 11292	33.3	1	3
11255 11291	33.3	1	3
11256 11290	33.3	1	3
11257 11289	33.3	1	3
11258 11288	33.3	1	3
11259 11287	33.3	1	3
11260 11286	33.3	1	3
11266 11281	33.3	1	3
11267 11280	33.3	1	3
11268 11279	33.3	1	3
11269 11278	33.3	1	3
11270 11277	66.7	2	3
11271 11276	66.7	2	3
11322 11425	33.3	1	3
11323 11424	33.3	1	3
11324 11423	33.3	1	3
11325 11422	33.3	1	3
11326 11421	33.3	1	3
11327 11420	33.3	1	3
11328 11419	33.3	1	3
11331 11416	33.3	1	3
11332 11415	33.3	1	3
11333 11414	33.3	1	3
11334 11413	33.3	1	3
11337 11410	33.3	1	3
11338 11409	33.3	1	3
11339 11408	33.3	1	3
11340 11404	33.3	1	3
11341 11403	33.3	1	3
11342 11402	33.3	1	3
11343 11400	33.3	1	3
11344 11399	33.3	1	3
11345 11398	33.3	1	3
11346 11397	33.3	1	3
11347 11396	33.3	1	3
11348 11395	33.3	1	3
11349 11394	33.3	1	3
11350 11393	33.3	1	3
11351 11392	33.3	1	3
11362 11389	33.3	1	3
11363 11388	33.3	1	3
11364 11387	33.3	1	3
11365 11386	33.3	1	3
11368 11383	33.3	1	3
11370 11381	33.3	1	3
11503 11621	33.3	1	3
11504 11620	33.3	1	3
11505 11619	33.3	1	3
11506 11618	33.3	1	3
11507 11617	33.3	1	3
11508 11616	33.3	1	3
11509 11615	33.3	1	3
11639 11752	33.3	1	3
11640 11751	33.3	1	3
11641 11750	33.3	1	3
11642 11749	33.3	1	3
11649 11743	33.3	1	3
11650 11742	33.3	1	3
11651 11741	33.3	1	3
11653 11737	33.3	1	3
11894 11905	33.3	1	3
11895 11904	33.3	1	3
11896 11903	33.3	1	3
11928 11949	33.3	1	3
11929 11948	33.3	1	3
11930 11947	33.3	1	3
11931 11946	33.3	1	3
11932 11945	33.3	1	3
11933 11944	33.3	1	3
11934 11943	33.3	1	3
11954 11979	33.3	1	3
11955 11978	33.3	1	3
11956 11977	33.3	1	3
11957 11976	33.3	1	3
11958 11975	33.3	1	3
11959 11974	33.3	1	3
11960 11973	33.3	1	3
11961 11972	33.3	1	3
12017 12032	33.3	1	3
12018 12031	33.3	1	3
12019 12030	33.3	1	3
12020 12029	33.3	1	3
12037 12080	33.3	1	3
12038 12079	33.3	1	3
12039 12078	33.3	1	3
12040 12077	33.3	1	3
12041 12076	33.3	1	3
12043 12074	33.3	1	3
12044 12068	33.3	1	3
12045 12067	33.3	1	3
12046 12066	33.3	1	3
12082 12103	66.7	2	3
12083 12102	66.7	2	3
12084 12101	66.7	2	3
12085 12100	66.7	2	3
12086 12099	66.7	2	3
12087 12098	66.7	2	3
12088 12097	66.7	2	3
12107 12117	33.3	1	3
12108 12116	33.3	1	3
12109 12115	33.3	1	3
12110 12114	33.3	1	3
12139 12157	33.3	1	3
12140 12156	33.3	1	3
12141 12154	33.3	1	3
12142 12153	33.3	1	3
12143 12152	33.3	1	3
12144 12151	33.3	1	3
12145 12150	33.3	1	3
12161 12176	66.7	2	3
12162 12175	66.7	2	3
12163 12174	66.7	2	3
12164 12173	66.7	2	3
12177 12206	33.3	1	3
12180 12204	66.7	2	3
12181 12203	66.7	2	3
12182 12202	66.7	2	3
12183 12201	66.7	2	3
12184 12200	66.7	2	3
12185 12199	66.7	2	3
12186 12198	66.7	2	3
12187 12196	33.3	1	3
12188 12195	33.3	1	3
12213 12220	33.3	1	3
12221 12278	33.3	1	3
12222 12277	33.3	1	3
12223 12276	33.3	1	3
12224 12275	33.3	1	3
12225 12274	33.3	1	3
12227 12271	33.3	1	3
12228 12270	33.3	1	3
12229 12269	33.3	1	3
12230 12268	33.3	1	3
12231 12267	33.3	1	3
12232 12266	33.3	1	3
12235 12264	33.3	1	3
12236 12263	33.3	1	3
12238 12261	33.3	1	3
12239 12260	33.3	1	3
12240 12259	33.3	1	3
12242 12257	66.7	2	3
12243 12256	66.7	2	3
12299 12323	33.3	1	3
12300 12322	33.3	1	3
12301 12321	33.3	1	3
12307 12316	33.3	1	3
12308 12315	33.3	1	3
12309 12314	33.3	1	3
12509 12479	33.3	1	3
12508 12480	33.3	1	3
12507 12481	33.3	1	3
12506 12482	33.3	1	3
12501 12483	33.3	1	3
12500 12484	33.3	1	3
12499 12485	33.3	1	3
12498 12486	33.3	1	3
12497 12487	33.3	1	3
12496 12488	33.3	1	3
12495 12489	33.3	1	3
12522 12397	33.3	1	3
12523 12396	33.3	1	3
12524 12395	33.3	1	3
63 84	33.3	1	3
64 83	33.3	1	3
65 82	33.3	1	3
66 81	33.3	1	3
67 80	33.3	1	3
68 79	33.3	1	3
69 78	33.3	1	3
70 77	33.3	1	3
71 76	33.3	1	3
96 117	33.3	1	3
97 116	33.3	1	3
98 115	33.3	1	3
99 114	33.3	1	3
100 113	33.3	1	3
101 112	33.3	1	3
102 111	33.3	1	3
103 110	33.3	1	3
104 109	33.3	1	3
130 153	33.3	1	3
131 152	33.3	1	3
132 151	33.3	1	3
133 150	33.3	1	3
134 149	33.3	1	3
135 148	33.3	1	3
136 147	33.3	1	3
137 146	33.3	1	3
138 145	33.3	1	3
177 245	33.3	1	3
178 244	33.3	1	3
179 243	33.3	1	3
193 232	33.3	1	3
194 231	33.3	1	3
195 230	33.3	1	3
196 229	33.3	1	3
198 227	33.3	1	3
199 226	33.3	1	3
200 225	33.3	1	3
201 224	33.3	1	3
207 218	33.3	1	3
208 217	33.3	1	3
209 216	33.3	1	3
253 293	33.3	1	3
254 292	33.3	1	3
255 291	33.3	1	3
257 289	33.3	1	3
258 288	33.3	1	3
259 287	33.3	1	3
260 286	33.3	1	3
261 285	33.3	1	3
262 284	33.3	1	3
263 283	33.3	1	3
264 282	33.3	1	3
265 281	33.3	1	3
266 280	33.3	1	3
267 279	33.3	1	3
268 278	33.3	1	3
269 277	33.3	1	3
270 276	33.3	1	3
298 315	33.3	1	3
299 314	33.3	1	3
324 365	33.3	1	3
327 362	33.3	1	3
331 358	33.3	1	3
332 357	33.3	1	3
333 356	33.3	1	3
334 355	33.3	1	3
336 352	33.3	1	3
337 351	33.3	1	3
338 350	33.3	1	3
339 349	33.3	1	3
340 348	33.3	1	3
341 347	33.3	1	3
382 405	33.3	1	3
383 404	33.3	1	3
384 403	33.3	1	3
385 402	33.3	1	3
386 401	33.3	1	3
387 400	33.3	1	3
389 398	33.3	1	3
390 397	33.3	1	3
391 396	33.3	1	3
435 449	33.3	1	3
436 448	33.3	1	3
437 447	33.3	1	3
438 446	33.3	1	3
439 445	33.3	1	3
450 507	33.3	1	3
451 506	33.3	1	3
452 505	33.3	1	3
453 504	33.3	1	3
454 503	33.3	1	3
455 502	33.3	1	3
458 499	33.3	1	3
459 498	33.3	1	3
460 497	33.3	1	3
461 496	33.3	1	3
464 495	33.3	1	3
465 494	33.3	1	3
466 493	33.3	1	3
467 492	33.3	1	3
468 491	33.3	1	3
469 490	33.3	1	3
470 488	33.3	1	3
471 487	33.3	1	3
472 486	33.3	1	3
473 485	33.3	1	3
474 484	33.3	1	3
475 483	33.3	1	3
476 482	33.3	1	3
477 481	33.3	1	3
595 654	33.3	1	3
596 653	33.3	1	3
597 652	33.3	1	3
598 651	33.3	1	3
605 645	33.3	1	3
606 644	33.3	1	3
607 643	33.3	1	3
608 642	33.3	1	3
613 635	33.3	1	3
614 634	33.3	1	3
615 633	33.3	1	3
618 630	33.3	1	3
619 629	33.3	1	3
620 628	33.3	1	3
621 627	33.3	1	3
710 808	33.3	1	3
712 806	33.3	1	3
713 805	33.3	1	3
714 804	33.3	1	3
715 803	33.3	1	3
716 802	33.3	1	3
717 786	33.3	1	3
718 785	33.3	1	3
719 784	33.3	1	3
720 783	33.3	1	3
721 782	33.3	1	3
722 781	33.3	1	3
723 780	33.3	1	3
724 779	33.3	1	3
725 778	33.3	1	3
726 777	33.3	1	3
727 776	33.3	1	3
728 775	33.3	1	3
737 772	33.3	1	3
738 771	33.3	1	3
739 770	33.3	1	3
742 767	33.3	1	3
743 766	33.3	1	3
744 765	33.3	1	3
745 764	33.3	1	3
746 761	33.3	1	3
747 760	33.3	1	3
748 759	33.3	1	3
749 758	33.3	1	3
750 757	33.3	1	3
751 756	33.3	1	3
970 1097	33.3	1	3
972 1050	33.3	1	3
973 1049	33.3	1	3
974 1048	33.3	1	3
975 1047	33.3	1	3
976 1045	33.3	1	3
977 1044	33.3	1	3
978 1043	33.3	1	3
979 1042	33.3	1	3
981 1040	33.3	1	3
983 1038	33.3	1	3
984 1037	33.3	1	3
985 1036	33.3	1	3
986 1033	33.3	1	3
987 1032	33.3	1	3
988 1031	33.3	1	3
989 1030	33.3	1	3
990 1029	33.3	1	3
991 1028	33.3	1	3
994 1023	33.3	1	3
995 1022	33.3	1	3
996 1021	33.3	1	3
997 1020	33.3	1	3
998 1019	33.3	1	3
999 1018	33.3	1	3
1000 1016	33.3	1	3
1001 1015	33.3	1	3
1002 1014	33.3	1	3
1003 1013	33.3	1	3
1004 1012	33.3	1	3
1005 1011	33.3	1	3
1098 1123	33.3	1	3
1099 1122	33.3	1	3
1100 1121	33.3	1	3
1101 1120	33.3	1	3
1102 1119	33.3	1	3
1103 1118	33.3	1	3
1104 1117	33.3	1	3
1105 1116	33.3	1	3
1106 1114	33.3	1	3
1107 1113	33.3	1	3
1144 1184	33.3	1	3
1145 1183	33.3	1	3
1146 1182	33.3	1	3
1149 1178	33.3	1	3
1150 1177	33.3	1	3
1151 1176	33.3	1	3
1152 1175	33.3	1	3
1153 1174	33.3	1	3
1154 1173	33.3	1	3
1155 1172	33.3	1	3
1156 1171	33.3	1	3
1157 1170	33.3	1	3
1158 1169	33.3	1	3
1160 1168	33.3	1	3
1161 1167	33.3	1	3
1162 1166	33.3	1	3
1225 1332	33.3	1	3
1226 1331	33.3	1	3
1227 1330	33.3	1	3
1228 1329	33.3	1	3
1229 1328	33.3	1	3
1232 1325	33.3	1	3
1233 1324	33.3	1	3
1244 1300	33.3	1	3
1245 1299	33.3	1	3
1246 1298	33.3	1	3
1250 1297	33.3	1	3
1251 1296	33.3	1	3
1252 1295	33.3	1	3
1253 1294	33.3	1	3
1254 1293	33.3	1	3
1257 1290	33.3	1	3
1261 1288	33.3	1	3
1262 1287	33.3	1	3
1263 1286	33.3	1	3
1264 1285	33.3	1	3
1265 1284	33.3	1	3
1268 1281	33.3	1	3
1269 1280	33.3	1	3
1270 1279	33.3	1	3
1271 1278	33.3	1	3
1272 1277	33.3	1	3
1400 1476	33.3	1	3
1401 1475	33.3	1	3
1402 1474	33.3	1	3
1405 1471	33.3	1	3
1406 1470	33.3	1	3
1407 1469	33.3	1	3
1408 1468	33.3	1	3
1409 1467	33.3	1	3
1410 1466	33.3	1	3
1411 1465	33.3	1	3
1418 1462	33.3	1	3
1419 1461	33.3	1	3
1420 1460	33.3	1	3
1421 1459	33.3	1	3
1422 1458	33.3	1	3
1425 1455	33.3	1	3
1426 1454	33.3	1	3
1427 1453	33.3	1	3
1428 1452	33.3	1	3
1431 1449	33.3	1	3
1432 1448	33.3	1	3
1433 1447	33.3	1	3
1434 1446	33.3	1	3
1435 1445	33.3	1	3
1436 1444	33.3	1	3
1437 1443	33.3	1	3
1438 1442	33.3	1	3
1495 1575	33.3	1	3
1496 1574	33.3	1	3
1500 1571	33.3	1	3
1501 1570	33.3	1	3
1505 1566	33.3	1	3
1506 1565	33.3	1	3
1507 1564	33.3	1	3
1509 1562	33.3	1	3
1510 1561	33.3	1	3
1518 1553	33.3	1	3
1783 1796	33.3	1	3
1784 1795	33.3	1	3
1817 1941	33.3	1	3
1819 1939	33.3	1	3
1820 1938	33.3	1	3
1858 1901	33.3	1	3
1859 1900	33.3	1	3
1860 1899	33.3	1	3
1861 1897	33.3	1	3
1862 1896	33.3	1	3
1863 1895	33.3	1	3
1864 1894	33.3	1	3
1865 1893	33.3	1	3
1866 1892	33.3	1	3
1868 1890	33.3	1	3
1869 1889	33.3	1	3
1870 1888	33.3	1	3
1871 1887	33.3	1	3
1872 1886	33.3	1	3
1873 1885	33.3	1	3
1874 1884	33.3	1	3
1875 1883	33.3	1	3
1920 1933	33.3	1	3
1921 1932	33.3	1	3
1922 1931	33.3	1	3
1923 1930	33.3	1	3
1943 1982	33.3	1	3
1944 1981	33.3	1	3
1946 1979	33.3	1	3
1947 1978	33.3	1	3
1948 1977	33.3	1	3
1949 1976	33.3	1	3
1950 1975	33.3	1	3
1951 1974	33.3	1	3
1952 1973	33.3	1	3
1953 1972	33.3	1	3
1954 1968	33.3	1	3
1955 1967	33.3	1	3
1956 1966	33.3	1	3
1957 1965	33.3	1	3
1958 1964	33.3	1	3
1983 2123	33.3	1	3
1984 2122	33.3	1	3
1985 2040	33.3	1	3
1986 2039	33.3	1	3
1993 2038	33.3	1	3
1995 2036	33.3	1	3
1996 2035	33.3	1	3
1997 2034	33.3	1	3
1998 2033	33.3	1	3
1999 2032	33.3	1	3
2001 2030	33.3	1	3
2002 2029	33.3	1	3
2003 2028	33.3	1	3
2004 2027	33.3	1	3
2006 2026	33.3	1	3
2007 2022	33.3	1	3
2008 2021	33.3	1	3
2009 2020	33.3	1	3
2010 2019	33.3	1	3
2011 2018	33.3	1	3
2012 2017	33.3	1	3
2143 2152	33.3	1	3
2144 2151	33.3	1	3
2145 2150	33.3	1	3
2154 2169	33.3	1	3
2155 2168	33.3	1	3
2156 2167	33.3	1	3
2157 2166	33.3	1	3
2349 2431	33.3	1	3
2350 2430	33.3	1	3
2359 2376	33.3	1	3
2360 2375	33.3	1	3
2361 2374	33.3	1	3
2362 2373	33.3	1	3
2364 2371	33.3	1	3
2365 2370	33.3	1	3
2385 2405	33.3	1	3
2386 2404	33.3	1	3
2387 2403	33.3	1	3
2389 2401	33.3	1	3
2390 2400	33.3	1	3
2392 2398	33.3	1	3
2406 2421	33.3	1	3
2407 2420	33.3	1	3
2408 2419	33.3	1	3
2409 2418	33.3	1	3
2410 2417	33.3	1	3
2411 2416	33.3	1	3
2553 2635	33.3	1	3
2554 2634	33.3	1	3
2555 2633	33.3	1	3
2563 2626	33.3	1	3
2566 2623	33.3	1	3
2576 2622	33.3	1	3
2577 2621	33.3	1	3
2578 2620	33.3	1	3
2579 2619	33.3	1	3
2580 2618	33.3	1	3
2582 2616	33.3	1	3
2583 2615	33.3	1	3
2585 2613	33.3	1	3
2586 2612	33.3	1	3
2587 2611	33.3	1	3
2588 2610	33.3	1	3
2589 2609	33.3	1	3
2590 2608	33.3	1	3
2591 2607	33.3	1	3
2592 2606	33.3	1	3
3127 3233	33.3	1	3
3128 3232	33.3	1	3
3129 3231	33.3	1	3
3131 3228	33.3	1	3
3132 3227	33.3	1	3
3133 3226	33.3	1	3
3134 3225	33.3	1	3
3135 3224	33.3	1	3
3136 3223	33.3	1	3
3137 3222	33.3	1	3
3138 3221	33.3	1	3
3139 3220	33.3	1	3
3140 3219	33.3	1	3
3142 3217	33.3	1	3
3143 3216	33.3	1	3
3144 3215	33.3	1	3
3145 3214	33.3	1	3
3148 3211	33.3	1	3
3150 3209	33.3	1	3
3151 3208	33.3	1	3
3152 3207	33.3	1	3
3153 3204	33.3	1	3
3154 3203	33.3	1	3
3155 3202	33.3	1	3
3156 3201	33.3	1	3
3157 3200	33.3	1	3
3158 3199	33.3	1	3
3159 3198	33.3	1	3
3160 3197	33.3	1	3
3161 3196	33.3	1	3
3162 3195	33.3	1	3
3168 3189	33.3	1	3
3169 3188	33.3	1	3
3170 3187	33.3	1	3
3171 3186	33.3	1	3
3172 3185	33.3	1	3
3173 3184	33.3	1	3
3174 3183	33.3	1	3
3175 3182	33.3	1	3
3635 3717	33.3	1	3
3637 3715	33.3	1	3
3638 3696	33.3	1	3
3639 3695	33.3	1	3
3640 3694	33.3	1	3
3641 3693	33.3	1	3
3643 3691	33.3	1	3
3644 3690	33.3	1	3
3649 3685	33.3	1	3
3650 3684	33.3	1	3
3651 3683	33.3	1	3
3652 3682	33.3	1	3
3653 3681	33.3	1	3
3654 3680	33.3	1	3
3655 3679	33.3	1	3
3664 3678	33.3	1	3
3665 3677	33.3	1	3
3666 3676	33.3	1	3
3667 3675	33.3	1	3
3668 3674	33.3	1	3
3720 3778	33.3	1	3
3721 3777	33.3	1	3
3722 3776	33.3	1	3
3723 3775	33.3	1	3
3724 3774	33.3	1	3
3725 3773	33.3	1	3
3726 3769	33.3	1	3
3727 3768	33.3	1	3
3728 3767	33.3	1	3
3729 3766	33.3	1	3
3731 3765	33.3	1	3
3732 3764	33.3	1	3
3733 3763	33.3	1	3
3734 3762	33.3	1	3
3738 3759	33.3	1	3
3739 3758	33.3	1	3
3740 3757	33.3	1	3
3743 3754	33.3	1	3
3744 3753	33.3	1	3
3745 3752	33.3	1	3
3746 3751	33.3	1	3
3836 3867	33.3	1	3
3837 3866	33.3	1	3
3838 3865	33.3	1	3
3843 3860	33.3	1	3
3845 3858	33.3	1	3
3872 3947	33.3	1	3
3874 3945	33.3	1	3
3878 3944	33.3	1	3
3879 3943	33.3	1	3
3880 3942	33.3	1	3
3881 3941	33.3	1	3
3882 3940	33.3	1	3
3883 3939	33.3	1	3
3884 3938	33.3	1	3
3889 3935	33.3	1	3
3890 3934	33.3	1	3
3891 3933	33.3	1	3
3892 3932	33.3	1	3
3894 3931	33.3	1	3
3895 3930	33.3	1	3
3897 3928	33.3	1	3
3898 3927	33.3	1	3
3899 3926	33.3	1	3
3900 3925	33.3	1	3
3901 3924	33.3	1	3
3902 3923	33.3	1	3
3903 3922	33.3	1	3
3904 3921	33.3	1	3
3905 3920	33.3	1	3
3906 3919	33.3	1	3
3907 3918	33.3	1	3
3908 3916	33.3	1	3
3909 3915	33.3	1	3
3910 3914	33.3	1	3
3952 4006	33.3	1	3
3953 4005	33.3	1	3
3956 4002	33.3	1	3
3957 4001	33.3	1	3
3963 3974	33.3	1	3
3964 3973	33.3	1	3
3965 3972	33.3	1	3
3979 4000	66.7	2	3
3980 3999	33.3	1	3
3981 3998	66.7	2	3
3982 3997	66.7	2	3
3983 3996	66.7	2	3
3984 3995	66.7	2	3
3985 3994	66.7	2	3
4190 4247	33.3	1	3
4191 4246	33.3	1	3
4192 4245	33.3	1	3
4193 4244	33.3	1	3
4194 4243	33.3	1	3
4195 4239	33.3	1	3
4196 4238	33.3	1	3
4197 4237	33.3	1	3
4198 4236	33.3	1	3
4200 4235	33.3	1	3
4201 4234	33.3	1	3
4202 4233	33.3	1	3
4203 4232	33.3	1	3
4206 4217	33.3	1	3
4207 4216	33.3	1	3
4248 4275	33.3	1	3
4249 4274	33.3	1	3
4250 4273	33.3	1	3
4251 4272	33.3	1	3
4252 4271	33.3	1	3
4255 4267	33.3	1	3
4256 4266	33.3	1	3
4281 4294	33.3	1	3
4282 4293	33.3	1	3
4283 4292	33.3	1	3
4297 4318	33.3	1	3
4298 4317	33.3	1	3
4299 4316	33.3	1	3
4303 4312	33.3	1	3
4304 4311	33.3	1	3
4305 4310	33.3	1	3
4321 4343	33.3	1	3
4322 4342	33.3	1	3
4323 4341	33.3	1	3
4324 4340	33.3	1	3
4325 4339	33.3	1	3
4326 4338	33.3	1	3
4327 4337	33.3	1	3
4328 4336	33.3	1	3
4371 4413	33.3	1	3
4372 4412	33.3	1	3
4373 4411	33.3	1	3
4374 4410	33.3	1	3
4375 4409	33.3	1	3
4376 4408	33.3	1	3
4378 4406	33.3	1	3
4379 4405	33.3	1	3
4382 4402	33.3	1	3
4383 4401	33.3	1	3
4384 4400	33.3	1	3
4385 4399	33.3	1	3
4386 4398	33.3	1	3
4387 4397	33.3	1	3
4420 4437	33.3	1	3
4421 4436	33.3	1	3
4422 4435	33.3	1	3
4423 4434	33.3	1	3
4438 4460	33.3	1	3
4439 4459	33.3	1	3
4440 4458	33.3	1	3
4441 4457	33.3	1	3
4442 4456	33.3	1	3
4443 4455	33.3	1	3
4444 4454	33.3	1	3
4463 4491	33.3	1	3
4464 4490	33.3	1	3
4465 4489	33.3	1	3
4466 4488	33.3	1	3
4468 4487	33.3	1	3
4469 4486	33.3	1	3
4472 4483	33.3	1	3
4473 4482	33.3	1	3
4474 4481	33.3	1	3
4475 4480	33.3	1	3
4511 4525	33.3	1	3
4512 4524	33.3	1	3
4582 4616	33.3	1	3
4583 4615	33.3	1	3
4588 4609	33.3	1	3
4589 4608	33.3	1	3
4591 4605	33.3	1	3
4592 4604	33.3	1	3
4593 4603	33.3	1	3
4594 4602	33.3	1	3
4595 4601	33.3	1	3
4627 4642	33.3	1	3
4628 4641	33.3	1	3
4629 4640	33.3	1	3
4630 4639	33.3	1	3
4631 4638	33.3	1	3
4643 4687	33.3	1	3
4644 4686	33.3	1	3
4645 4685	33.3	1	3
4646 4684	33.3	1	3
4647 4683	33.3	1	3
4648 4682	33.3	1	3
4649 4681	33.3	1	3
4650 4680	33.3	1	3
4651 4679	33.3	1	3
4652 4678	33.3	1	3
4653 4677	33.3	1	3
4654 4676	33.3	1	3
4655 4675	33.3	1	3
4660 4672	33.3	1	3
4661 4671	33.3	1	3
4662 4670	33.3	1	3
4975 4992	33.3	1	3
4976 4991	33.3	1	3
4977 4990	33.3	1	3
4981 4989	33.3	1	3
4982 4988	33.3	1	3
5080 5091	33.3	1	3
5082 5089	33.3	1	3
5083 5088	33.3	1	3
5096 5145	33.3	1	3
5097 5144	33.3	1	3
5098 5143	33.3	1	3
5099 5142	33.3	1	3
5100 5141	33.3	1	3
5101 5140	33.3	1	3
5103 5139	33.3	1	3
5105 5137	33.3	1	3
5106 5136	33.3	1	3
5107 5134	66.7	2	3
5108 5133	66.7	2	3
5109 5132	33.3	1	3
5110 5131	33.3	1	3
5111 5130	33.3	1	3
5113 5128	33.3	1	3
5114 5127	66.7	2	3
5115 5126	66.7	2	3
5116 5125	66.7	2	3
5117 5124	66.7	2	3
5118 5123	33.3	1	3
5153 5199	33.3	1	3
5154 5198	33.3	1	3
5155 5197	33.3	1	3
5156 5196	33.3	1	3
5158 5195	33.3	1	3
5159 5194	33.3	1	3
5160 5193	33.3	1	3
5162 5191	33.3	1	3
5163 5190	33.3	1	3
5164 5189	33.3	1	3
5165 5188	33.3	1	3
5166 5187	33.3	1	3
5167 5186	33.3	1	3
5168 5185	33.3	1	3
5169 5184	33.3	1	3
5170 5183	33.3	1	3
5171 5182	33.3	1	3
5172 5181	33.3	1	3
5173 5180	33.3	1	3
5174 5179	33.3	1	3
5201 5259	33.3	1	3
5202 5258	33.3	1	3
5203 5257	33.3	1	3
5204 5256	33.3	1	3
5205 5255	33.3	1	3
5206 5254	33.3	1	3
5207 5253	33.3	1	3
5208 5252	33.3	1	3
5209 5251	33.3	1	3
5210 5250	33.3	1	3
5211 5249	33.3	1	3
5212 5245	33.3	1	3
5213 5244	33.3	1	3
5214 5243	33.3	1	3
5215 5242	33.3	1	3
5216 5241	33.3	1	3
5217 5239	33.3	1	3
5218 5238	33.3	1	3
5219 5237	33.3	1	3
5220 5236	33.3	1	3
5221 5235	33.3	1	3
5222 5234	33.3	1	3
5223 5233	33.3	1	3
5224 5232	33.3	1	3
5225 5231	33.3	1	3
5275 5293	33.3	1	3
5276 5292	33.3	1	3
5277 5291	33.3	1	3
5278 5290	33.3	1	3
5279 5283	33.3	1	3
5391 5421	33.3	1	3
5393 5419	33.3	1	3
5394 5418	33.3	1	3
5395 5417	33.3	1	3
5396 5416	33.3	1	3
5397 5415	33.3	1	3
5401 5413	33.3	1	3
5402 5412	33.3	1	3
5403 5411	33.3	1	3
5404 5410	33.3	1	3
5405 5409	33.3	1	3
5435 5462	33.3	1	3
5436 5461	33.3	1	3
5437 5460	33.3	1	3
5438 5459	33.3	1	3
5439 5458	33.3	1	3
5440 5457	33.3	1	3
5441 5456	33.3	1	3
5443 5455	33.3	1	3
5444 5454	33.3	1	3
5445 5453	33.3	1	3
5446 5452	33.3	1	3
5464 5489	33.3	1	3
5465 5488	33.3	1	3
5466 5487	33.3	1	3
5467 5486	33.3	1	3
5468 5485	33.3	1	3
5469 5484	33.3	1	3
5470 5483	33.3	1	3
5472 5481	33.3	1	3
5473 5480	33.3	1	3
5491 5513	33.3	1	3
5492 5512	33.3	1	3
5493 5511	33.3	1	3
5494 5510	33.3	1	3
5495 5509	33.3	1	3
5498 5508	33.3	1	3
5499 5507	33.3	1	3
5500 5506	33.3	1	3
5520 5541	33.3	1	3
5521 5540	33.3	1	3
5522 5539	33.3	1	3
5523 5538	33.3	1	3
5524 5537	33.3	1	3
5525 5536	33.3	1	3
5526 5535	33.3	1	3
5556 5597	33.3	1	3
5557 5596	33.3	1	3
5558 5595	33.3	1	3
5559 5594	33.3	1	3
5560 5593	33.3	1	3
5561 5591	33.3	1	3
5562 5590	33.3	1	3
5563 5589	33.3	1	3
5564 5588	33.3	1	3
5567 5584	33.3	1	3
5568 5583	33.3	1	3
5569 5582	33.3	1	3
5570 5581	33.3	1	3
5571 5580	33.3	1	3
5572 5579	33.3	1	3
5573 5578	33.3	1	3
5598 5607	33.3	1	3
5599 5606	33.3	1	3
5616 5646	33.3	1	3
5617 5645	33.3	1	3
5618 5644	33.3	1	3
5619 5643	33.3	1	3
5620 5642	33.3	1	3
5621 5641	33.3	1	3
5622 5640	33.3	1	3
5623 5639	33.3	1	3
5625 5638	33.3	1	3
5626 5637	33.3	1	3
5627 5636	33.3	1	3
5628 5635	33.3	1	3
5629 5634	33.3	1	3
5651 5702	33.3	1	3
5652 5701	33.3	1	3
5653 5700	33.3	1	3
5654 5699	33.3	1	3
5655 5698	33.3	1	3
5656 5697	33.3	1	3
5657 5696	33.3	1	3
5658 5695	33.3	1	3
5659 5693	33.3	1	3
5660 5692	33.3	1	3
5663 5689	33.3	1	3
5665 5687	33.3	1	3
5666 5686	33.3	1	3
5667 5685	33.3	1	3
5668 5684	33.3	1	3
5669 5683	33.3	1	3
5670 5682	33.3	1	3
5671 5681	33.3	1	3
5672 5680	33.3	1	3
5673 5679	33.3	1	3
5674 5678	33.3	1	3
5710 5729	33.3	1	3
5712 5727	33.3	1	3
5713 5726	33.3	1	3
5714 5725	33.3	1	3
5742 5760	33.3	1	3
5743 5759	33.3	1	3
5744 5758	33.3	1	3
5745 5757	33.3	1	3
5746 5756	33.3	1	3
5748 5754	33.3	1	3
5778 5862	33.3	1	3
5779 5861	33.3	1	3
5780 5860	33.3	1	3
5781 5859	33.3	1	3
5783 5857	33.3	1	3
5784 5856	33.3	1	3
5786 5854	33.3	1	3
5793 5851	33.3	1	3
5794 5850	33.3	1	3
5795 5849	33.3	1	3
5798 5848	33.3	1	3
5799 5847	33.3	1	3
5800 5846	33.3	1	3
5801 5845	33.3	1	3
5802 5844	33.3	1	3
5803 5843	33.3	1	3
5804 5842	33.3	1	3
5805 5841	33.3	1	3
5806 5840	33.3	1	3
5811 5839	33.3	1	3
5812 5838	33.3	1	3
5813 5837	33.3	1	3
5814 5836	33.3	1	3
5816 5835	33.3	1	3
5817 5834	33.3	1	3
5818 5833	33.3	1	3
5820 5825	33.3	1	3
6021 6119	33.3	1	3
6022 6118	33.3	1	3
6023 6117	33.3	1	3
6025 6115	33.3	1	3
6026 6114	33.3	1	3
6034 6109	33.3	1	3
6035 6108	33.3	1	3
6036 6107	33.3	1	3
6037 6106	33.3	1	3
6038 6105	33.3	1	3
6039 6101	33.3	1	3
6040 6100	33.3	1	3
6041 6099	33.3	1	3
6042 6097	33.3	1	3
6044 6095	33.3	1	3
6045 6094	33.3	1	3
6046 6093	33.3	1	3
6047 6092	33.3	1	3
6048 6091	33.3	1	3
6049 6090	33.3	1	3
6050 6088	33.3	1	3
6051 6087	33.3	1	3
6052 6086	33.3	1	3
6053 6085	33.3	1	3
6054 6081	33.3	1	3
6055 6080	33.3	1	3
6056 6079	33.3	1	3
6057 6077	33.3	1	3
6058 6076	33.3	1	3
6059 6075	33.3	1	3
6060 6074	33.3	1	3
6061 6073	33.3	1	3
6063 6071	33.3	1	3
6064 6070	33.3	1	3
6065 6069	33.3	1	3
6139 6173	33.3	1	3
6140 6172	33.3	1	3
6141 6171	33.3	1	3
6613 6626	33.3	1	3
6614 6625	33.3	1	3
6615 6624	33.3	1	3
6616 6623	33.3	1	3
6617 6622	33.3	1	3
6629 6735	33.3	1	3
6630 6734	33.3	1	3
6631 6733	33.3	1	3
6632 6732	33.3	1	3
6633 6731	33.3	1	3
6643 6730	33.3	1	3
6644 6729	33.3	1	3
6646 6728	33.3	1	3
6647 6727	33.3	1	3
6648 6726	33.3	1	3
6649 6725	33.3	1	3
6650 6707	33.3	1	3
6651 6706	33.3	1	3
6652 6705	33.3	1	3
6653 6704	33.3	1	3
6654 6703	33.3	1	3
6655 6702	33.3	1	3
6659 6696	33.3	1	3
6660 6695	33.3	1	3
6661 6694	33.3	1	3
6662 6693	33.3	1	3
6663 6692	33.3	1	3
6664 6691	33.3	1	3
6665 6690	33.3	1	3
6669 6689	33.3	1	3
6671 6684	33.3	1	3
6672 6683	33.3	1	3
6673 6682	33.3	1	3
6674 6681	33.3	1	3
6737 6756	33.3	1	3
6738 6755	33.3	1	3
6739 6754	33.3	1	3
6740 6753	33.3	1	3
6741 6752	33.3	1	3
6742 6751	33.3	1	3
6743 6750	33.3	1	3
6744 6749	33.3	1	3
6764 6846	33.3	1	3
6765 6845	33.3	1	3
6766 6844	33.3	1	3
6767 6843	33.3	1	3
6768 6842	33.3	1	3
6769 6841	33.3	1	3
6770 6840	33.3	1	3
6771 6839	33.3	1	3
6775 6835	33.3	1	3
6776 6834	33.3	1	3
6794 6826	33.3	1	3
6795 6825	33.3	1	3
6796 6824	33.3	1	3
6800 6820	33.3	1	3
6801 6819	33.3	1	3
6802 6818	33.3	1	3
6803 6817	33.3	1	3
6882 6921	33.3	1	3
6883 6920	33.3	1	3
6884 6919	33.3	1	3
6885 6918	33.3	1	3
6886 6917	33.3	1	3
6887 6916	33.3	1	3
6888 6915	33.3	1	3
6889 6914	33.3	1	3
6890 6913	33.3	1	3
6891 6912	33.3	1	3
6892 6911	33.3	1	3
6893 6910	33.3	1	3
6894 6909	33.3	1	3
6895 6908	33.3	1	3
6896 6907	33.3	1	3
6897 6906	33.3	1	3
6898 6905	33.3	1	3
6930 6941	33.3	1	3
6931 6940	33.3	1	3
6932 6939	33.3	1	3
6933 6938	33.3	1	3
7050 7126	33.3	1	3
7054 7125	33.3	1	3
7055 7124	33.3	1	3
7056 7123	33.3	1	3
7057 7122	33.3	1	3
7058 7121	33.3	1	3
7060 7120	33.3	1	3
7061 7119	33.3	1	3
7062 7118	33.3	1	3
7063 7117	33.3	1	3
7065 7115	33.3	1	3
7066 7114	33.3	1	3
7067 7113	33.3	1	3
7068 7112	33.3	1	3
7069 7111	33.3	1	3
7070 7110	33.3	1	3
7071 7109	33.3	1	3
7072 7108	33.3	1	3
7074 7107	33.3	1	3
7075 7106	33.3	1	3
7076 7105	33.3	1	3
7077 7104	33.3	1	3
7081 7102	33.3	1	3
7082 7101	33.3	1	3
7083 7100	33.3	1	3
7085 7098	33.3	1	3
7086 7097	33.3	1	3
7087 7096	33.3	1	3
7162 7186	33.3	1	3
7163 7185	33.3	1	3
7164 7184	33.3	1	3
7165 7183	33.3	1	3
7167 7181	33.3	1	3
7168 7180	33.3	1	3
7169 7179	33.3	1	3
7170 7178	33.3	1	3
7171 7177	33.3	1	3
7172 7176	33.3	1	3
7242 7271	33.3	1	3
7243 7270	33.3	1	3
7244 7269	33.3	1	3
7245 7268	33.3	1	3
7246 7267	33.3	1	3
7247 7266	33.3	1	3
7248 7265	33.3	1	3
7250 7263	33.3	1	3
7251 7262	33.3	1	3
7252 7261	33.3	1	3
7253 7260	33.3	1	3
7254 7259	33.3	1	3
7289 7325	33.3	1	3
7290 7324	33.3	1	3
7391 7426	33.3	1	3
7392 7425	33.3	1	3
7396 7424	33.3	1	3
7397 7423	33.3	1	3
7398 7422	33.3	1	3
7399 7421	33.3	1	3
7400 7420	33.3	1	3
7401 7419	66.7	2	3
7411 7418	66.7	2	3
7412 7417	66.7	2	3
7427 7442	33.3	1	3
7428 7441	33.3	1	3
7429 7440	33.3	1	3
7430 7439	33.3	1	3
7443 7473	33.3	1	3
7444 7472	33.3	1	3
7447 7469	33.3	1	3
7448 7468	33.3	1	3
7450 7467	33.3	1	3
7451 7466	33.3	1	3
7452 7465	33.3	1	3
7453 7464	33.3	1	3
7454 7463	33.3	1	3
7455 7462	33.3	1	3
7482 7565	33.3	1	3
7483 7564	33.3	1	3
7484 7563	33.3	1	3
7487 7560	33.3	1	3
7488 7559	33.3	1	3
7490 7558	33.3	1	3
7491 7557	33.3	1	3
7492 7556	33.3	1	3
7493 7555	33.3	1	3
7494 7554	33.3	1	3
7495 7553	33.3	1	3
7496 7552	33.3	1	3
7497 7551	33.3	1	3
7498 7550	33.3	1	3
7499 7549	33.3	1	3
7500 7548	33.3	1	3
7501 7545	33.3	1	3
7502 7544	33.3	1	3
7503 7543	33.3	1	3
7506 7540	33.3	1	3
7507 7539	33.3	1	3
7508 7538	33.3	1	3
7509 7537	33.3	1	3
7510 7536	33.3	1	3
7511 7535	33.3	1	3
7514 7534	33.3	1	3
7515 7533	33.3	1	3
7516 7532	33.3	1	3
7517 7530	33.3	1	3
7518 7529	33.3	1	3
7519 7528	33.3	1	3
7520 7527	33.3	1	3
7741 7834	33.3	1	3
7742 7833	33.3	1	3
7743 7832	33.3	1	3
7744 7831	33.3	1	3
7746 7829	33.3	1	3
7747 7828	33.3	1	3
7748 7827	33.3	1	3
7749 7825	33.3	1	3
7750 7824	33.3	1	3
8509 8661	33.3	1	3
8510 8660	33.3	1	3
8511 8659	33.3	1	3
8512 8604	33.3	1	3
8513 8603	33.3	1	3
8514 8602	33.3	1	3
8515 8601	33.3	1	3
8517 8595	33.3	1	3
8536 8594	33.3	1	3
8538 8592	33.3	1	3
8539 8591	33.3	1	3
8540 8590	33.3	1	3
8543 8588	33.3	1	3
8544 8587	33.3	1	3
8545 8586	33.3	1	3
8546 8585	33.3	1	3
8547 8584	33.3	1	3
8548 8583	33.3	1	3
8549 8582	33.3	1	3
8550 8581	33.3	1	3
8556 8575	33.3	1	3
8557 8574	33.3	1	3
8558 8573	33.3	1	3
8559 8572	33.3	1	3
8560 8571	33.3	1	3
8562 8569	33.3	1	3
8563 8568	33.3	1	3
8664 8689	33.3	1	3
8665 8688	33.3	1	3
8667 8686	33.3	1	3
8668 8685	33.3	1	3
8669 8684	33.3	1	3
8670 8683	33.3	1	3
8672 8681	33.3	1	3
8673 8680	33.3	1	3
8674 8679	33.3	1	3
8760 8864	33.3	1	3
8766 8860	33.3	1	3
8769 8856	33.3	1	3
8770 8855	33.3	1	3
8771 8854	33.3	1	3
8773 8852	33.3	1	3
8774 8851	33.3	1	3
8775 8850	33.3	1	3
8777 8848	33.3	1	3
8778 8847	33.3	1	3
8779 8846	33.3	1	3
8780 8845	33.3	1	3
8781 8844	33.3	1	3
8782 8843	33.3	1	3
8783 8842	33.3	1	3
8787 8841	33.3	1	3
8788 8840	33.3	1	3
8789 8839	33.3	1	3
8790 8838	33.3	1	3
8791 8837	33.3	1	3
8792 8831	33.3	1	3
8793 8830	33.3	1	3
8794 8829	33.3	1	3
8795 8828	33.3	1	3
8796 8827	33.3	1	3
8797 8826	33.3	1	3
8799 8823	33.3	1	3
8800 8822	33.3	1	3
8801 8821	33.3	1	3
8802 8820	33.3	1	3
8804 8817	33.3	1	3
8805 8816	33.3	1	3
8806 8815	33.3	1	3
8807 8814	33.3	1	3
8808 8813	33.3	1	3
8977 9126	33.3	1	3
8978 9125	33.3	1	3
8979 9124	33.3	1	3
8981 9122	33.3	1	3
8982 9121	33.3	1	3
8983 9120	33.3	1	3
8987 9119	33.3	1	3
8989 9117	33.3	1	3
8990 9116	33.3	1	3
8991 9115	33.3	1	3
9034 9114	33.3	1	3
9035 9113	33.3	1	3
9037 9111	33.3	1	3
9041 9107	33.3	1	3
9042 9106	33.3	1	3
9043 9105	33.3	1	3
9044 9104	33.3	1	3
9046 9102	33.3	1	3
9047 9101	33.3	1	3
9048 9100	33.3	1	3
9049 9099	33.3	1	3
9050 9098	33.3	1	3
9232 9331	33.3	1	3
9233 9330	33.3	1	3
9234 9329	33.3	1	3
9235 9328	33.3	1	3
9236 9327	33.3	1	3
9237 9326	33.3	1	3
9238 9325	33.3	1	3
9239 9324	33.3	1	3
9240 9323	33.3	1	3
9241 9322	33.3	1	3
9244 9319	33.3	1	3
9245 9318	33.3	1	3
9251 9312	33.3	1	3
9252 9311	33.3	1	3
9253 9310	33.3	1	3
9451 9484	33.3	1	3
9452 9483	33.3	1	3
9460 9475	33.3	1	3
9461 9474	33.3	1	3
9462 9473	33.3	1	3
9463 9472	33.3	1	3
9464 9471	33.3	1	3
9465 9470	33.3	1	3
9495 9553	33.3	1	3
9496 9552	33.3	1	3
9497 9551	33.3	1	3
9498 9550	33.3	1	3
9502 9549	33.3	1	3
9505 9546	33.3	1	3
9506 9545	33.3	1	3
9507 9544	33.3	1	3
9508 9543	33.3	1	3
9509 9542	33.3	1	3
9510 9541	33.3	1	3
9511 9534	33.3	1	3
9512 9533	33.3	1	3
9513 9532	33.3	1	3
9514 9531	33.3	1	3
9515 9530	33.3	1	3
9516 9529	33.3	1	3
9517 9528	33.3	1	3
9518 9527	33.3	1	3
9519 9526	33.3	1	3
9520 9525	33.3	1	3
9577 9606	33.3	1	3
9578 9605	33.3	1	3
9579 9604	33.3	1	3
9581 9602	33.3	1	3
9582 9601	33.3	1	3
9586 9596	33.3	1	3
9587 9595	33.3	1	3
9588 9594	33.3	1	3
9589 9593	33.3	1	3
9729 9811	33.3	1	3
9730 9810	33.3	1	3
9731 9809	33.3	1	3
9732 9808	33.3	1	3
9733 9807	33.3	1	3
9734 9806	33.3	1	3
9735 9805	33.3	1	3
9736 9804	33.3	1	3
9737 9803	33.3	1	3
9738 9802	33.3	1	3
9743 9795	33.3	1	3
9744 9794	33.3	1	3
9751 9793	33.3	1	3
9752 9792	33.3	1	3
9753 9791	33.3	1	3
9755 9789	33.3	1	3
9756 9788	33.3	1	3
9757 9787	33.3	1	3
9758 9762	33.3	1	3
9812 9879	33.3	1	3
9822 9876	33.3	1	3
9823 9875	33.3	1	3
9825 9873	33.3	1	3
9826 9872	33.3	1	3
9827 9871	33.3	1	3
9828 9869	33.3	1	3
9829 9868	33.3	1	3
9830 9867	33.3	1	3
9831 9866	33.3	1	3
9833 9864	33.3	1	3
9834 9863	33.3	1	3
9835 9862	33.3	1	3
9836 9861	33.3	1	3
9842 9855	33.3	1	3
9843 9854	33.3	1	3
9844 9853	33.3	1	3
9845 9852	33.3	1	3
9903 9950	33.3	1	3
9909 9944	33.3	1	3
9955 10050	33.3	1	3
9956 10049	33.3	1	3
9962 10042	33.3	1	3
9963 10041	33.3	1	3
9965 10039	33.3	1	3
9966 10038	33.3	1	3
9967 10037	33.3	1	3
9968 10036	33.3	1	3
9969 10035	33.3	1	3
9975 10030	33.3	1	3
9976 10029	33.3	1	3
9981 10026	33.3	1	3
9982 10025	33.3	1	3
9983 10024	33.3	1	3
9984 10023	33.3	1	3
9985 10022	33.3	1	3
9986 10021	33.3	1	3
9987 10020	33.3	1	3
9994 10014	33.3	1	3
9995 10013	33.3	1	3
9996 10012	33.3	1	3
9997 10011	33.3	1	3
9998 10010	33.3	1	3
9999 10009	33.3	1	3
10000 10005	33.3	1	3
10055 10067	33.3	1	3
10056 10066	33.3	1	3
10057 10065	33.3	1	3
10058 10064	33.3	1	3
10082 10192	33.3	1	3
10083 10191	33.3	1	3
10088 10186	33.3	1	3
10090 10149	33.3	1	3
10091 10148	33.3	1	3
10092 10147	33.3	1	3
10093 10146	33.3	1	3
10094 10145	33.3	1	3
10095 10144	33.3	1	3
10096 10120	33.3	1	3
10097 10116	33.3	1	3
10098 10115	33.3	1	3
10101 10111	33.3	1	3
10102 10110	33.3	1	3
10103 10109	33.3	1	3
10104 10108	33.3	1	3
10121 10139	33.3	1	3
10122 10138	33.3	1	3
10123 10137	33.3	1	3
10124 10136	33.3	1	3
10125 10135	33.3	1	3
10126 10134	33.3	1	3
10127 10133	33.3	1	3
10128 10132	33.3	1	3
10150 10177	33.3	1	3
10151 10176	33.3	1	3
10152 10175	33.3	1	3
10153 10174	33.3	1	3
10154 10172	33.3	1	3
10157 10169	33.3	1	3
10158 10168	33.3	1	3
10159 10167	33.3	1	3
10160 10166	33.3	1	3
10161 10165	33.3	1	3
10317 10407	33.3	1	3
10318 10406	33.3	1	3
10319 10405	33.3	1	3
10320 10404	33.3	1	3
10322 10402	33.3	1	3
10323 10401	33.3	1	3
10326 10399	33.3	1	3
10327 10398	33.3	1	3
10330 10394	33.3	1	3
10331 10393	33.3	1	3
10332 10392	33.3	1	3
10333 10391	33.3	1	3
10334 10390	33.3	1	3
10335 10389	33.3	1	3
10340 10388	33.3	1	3
10341 10387	33.3	1	3
10342 10386	33.3	1	3
10343 10385	33.3	1	3
10344 10383	33.3	1	3
10345 10382	33.3	1	3
10346 10381	33.3	1	3
10347 10380	33.3	1	3
10349 10377	33.3	1	3
10350 10376	33.3	1	3
10352 10374	33.3	1	3
10353 10372	33.3	1	3
10354 10371	33.3	1	3
10355 10370	33.3	1	3
10356 10369	33.3	1	3
10357 10368	33.3	1	3
10358 10367	33.3	1	3
10359 10366	33.3	1	3
10426 10483	33.3	1	3
10436 10476	33.3	1	3
10437 10475	33.3	1	3
10438 10474	33.3	1	3
10439 10473	33.3	1	3
10440 10472	33.3	1	3
10442 10470	33.3	1	3
10443 10469	33.3	1	3
10444 10468	33.3	1	3
10445 10464	33.3	1	3
10447 10463	33.3	1	3
10448 10462	33.3	1	3
10449 10461	33.3	1	3
10450 10460	33.3	1	3
10451 10459	33.3	1	3
10494 10509	33.3	1	3
10495 10508	33.3	1	3
10496 10507	33.3	1	3
10497 10506	33.3	1	3
10498 10505	33.3	1	3
10511 10531	33.3	1	3
10512 10530	33.3	1	3
10513 10529	33.3	1	3
10514 10528	33.3	1	3
10516 10526	33.3	1	3
10540 10623	33.3	1	3
10541 10622	33.3	1	3
10542 10621	33.3	1	3
10546 10612	33.3	1	3
10547 10611	33.3	1	3
10548 10610	33.3	1	3
10549 10609	33.3	1	3
10550 10608	33.3	1	3
10551 10607	33.3	1	3
10552 10606	33.3	1	3
10553 10605	33.3	1	3
10557 10603	33.3	1	3
10558 10602	33.3	1	3
10559 10601	33.3	1	3
10561 10599	33.3	1	3
10562 10598	33.3	1	3
10564 10596	33.3	1	3
10565 10595	33.3	1	3
10566 10594	33.3	1	3
10567 10593	33.3	1	3
10568 10592	33.3	1	3
10569 10591	33.3	1	3
10575 10584	33.3	1	3
10576 10583	33.3	1	3
10577 10582	33.3	1	3
10629 10652	33.3	1	3
10630 10651	33.3	1	3
10633 10646	33.3	1	3
10702 10807	33.3	1	3
10703 10806	33.3	1	3
10704 10805	33.3	1	3
10709 10736	33.3	1	3
10710 10735	33.3	1	3
10711 10734	33.3	1	3
10712 10733	33.3	1	3
10713 10732	33.3	1	3
10714 10729	33.3	1	3
10737 10799	33.3	1	3
10738 10798	33.3	1	3
10739 10797	33.3	1	3
10740 10796	33.3	1	3
10741 10795	33.3	1	3
10742 10794	33.3	1	3
10745 10791	33.3	1	3
10746 10790	33.3	1	3
10750 10786	33.3	1	3
10751 10785	33.3	1	3
10752 10784	33.3	1	3
11045 11144	33.3	1	3
11046 11143	33.3	1	3
11048 11141	33.3	1	3
11051 11133	33.3	1	3
11052 11132	33.3	1	3
11054 11130	33.3	1	3
11055 11129	33.3	1	3
11056 11128	33.3	1	3
11057 11127	33.3	1	3
11061 11123	33.3	1	3
11062 11122	33.3	1	3
11063 11121	33.3	1	3
11064 11120	33.3	1	3
11074 11113	33.3	1	3
11076 11111	33.3	1	3
11078 11109	33.3	1	3
11079 11108	33.3	1	3
11080 11107	33.3	1	3
11081 11106	33.3	1	3
11082 11105	33.3	1	3
11083 11104	33.3	1	3
11084 11103	33.3	1	3
11085 11102	33.3	1	3
11087 11101	33.3	1	3
11088 11100	33.3	1	3
11089 11099	33.3	1	3
11090 11098	33.3	1	3
11091 11097	33.3	1	3
11204 11215	33.3	1	3
11205 11214	33.3	1	3
11230 11317	33.3	1	3
11231 11316	33.3	1	3
11232 11315	33.3	1	3
11235 11311	33.3	1	3
11236 11310	33.3	1	3
11237 11309	33.3	1	3
11238 11308	33.3	1	3
11239 11307	33.3	1	3
11240 11306	33.3	1	3
11241 11305	33.3	1	3
11244 11304	33.3	1	3
11245 11303	33.3	1	3
11246 11302	33.3	1	3
11247 11301	33.3	1	3
11248 11300	33.3	1	3
11249 11299	33.3	1	3
11250 11298	33.3	1	3
11251 11297	33.3	1	3
11253 11295	33.3	1	3
11254 11294	33.3	1	3
11257 11291	33.3	1	3
11258 11290	33.3	1	3
11262 11286	33.3	1	3
11263 11285	33.3	1	3
11264 11284	33.3	1	3
11265 11283	33.3	1	3
11266 11282	33.3	1	3
11267 11281	33.3	1	3
11268 11280	33.3	1	3
11269 11279	33.3	1	3
11321 11339	33.3	1	3
11323 11337	33.3	1	3
11324 11336	33.3	1	3
11325 11335	33.3	1	3
11344 11434	33.3	1	3
11345 11433	33.3	1	3
11347 11431	33.3	1	3
11348 11430	33.3	1	3
11349 11427	33.3	1	3
11350 11426	33.3	1	3
11351 11425	33.3	1	3
11352 11424	33.3	1	3
11353 11423	33.3	1	3
11358 11418	33.3	1	3
11359 11417	33.3	1	3
11360 11416	33.3	1	3
11362 11414	33.3	1	3
11363 11413	33.3	1	3
11364 11412	33.3	1	3
11365 11411	33.3	1	3
11366 11410	33.3	1	3
11367 11409	33.3	1	3
11368 11408	33.3	1	3
11379 11401	33.3	1	3
11380 11400	33.3	1	3
11381 11399	33.3	1	3
11383 11397	33.3	1	3
11384 11396	33.3	1	3
11385 11395	33.3	1	3
11386 11394	33.3	1	3
11387 11393	33.3	1	3
11442 11455	33.3	1	3
11474 11550	33.3	1	3
11475 11549	33.3	1	3
11477 11546	33.3	1	3
11478 11545	33.3	1	3
11479 11544	33.3	1	3
11483 11543	33.3	1	3
11484 11542	33.3	1	3
11485 11541	33.3	1	3
11486 11540	33.3	1	3
11487 11539	33.3	1	3
11489 11537	33.3	1	3
11490 11536	33.3	1	3
11491 11535	33.3	1	3
11494 11532	33.3	1	3
11495 11531	33.3	1	3
11496 11530	33.3	1	3
11497 11529	33.3	1	3
11498 11528	33.3	1	3
11499 11527	33.3	1	3
11503 11526	33.3	1	3
11504 11525	33.3	1	3
11506 11523	33.3	1	3
11507 11522	33.3	1	3
11508 11521	33.3	1	3
11509 11520	33.3	1	3
11510 11519	33.3	1	3
11511 11518	33.3	1	3
11560 11586	33.3	1	3
11561 11585	33.3	1	3
11562 11584	33.3	1	3
11563 11583	33.3	1	3
11564 11582	33.3	1	3
11565 11581	33.3	1	3
11566 11580	33.3	1	3
11569 11577	33.3	1	3
11570 11576	33.3	1	3
11915 12016	33.3	1	3
11916 12015	33.3	1	3
11917 12014	33.3	1	3
11918 12013	33.3	1	3
11921 12010	33.3	1	3
11922 12009	33.3	1	3
11923 12008	33.3	1	3
11925 12006	33.3	1	3
11926 12005	33.3	1	3
11927 12004	33.3	1	3
11928 12002	33.3	1	3
11929 12001	33.3	1	3
11930 12000	33.3	1	3
11931 11999	33.3	1	3
11932 11998	33.3	1	3
11933 11996	33.3	1	3
11934 11995	33.3	1	3
11938 11989	33.3	1	3
11939 11988	33.3	1	3
11940 11986	33.3	1	3
11941 11985	33.3	1	3
11942 11984	33.3	1	3
11944 11981	33.3	1	3
11945 11980	33.3	1	3
11946 11976	33.3	1	3
11950 11975	33.3	1	3
11951 11974	33.3	1	3
11952 11973	33.3	1	3
11953 11972	33.3	1	3
11954 11971	33.3	1	3
11956 11970	33.3	1	3
11957 11969	33.3	1	3
11958 11968	33.3	1	3
11959 11967	33.3	1	3
11960 11966	33.3	1	3
11961 11965	33.3	1	3
12137 12218	33.3	1	3
12141 12214	33.3	1	3
12143 12211	33.3	1	3
12144 12210	33.3	1	3
12145 12209	33.3	1	3
12146 12208	33.3	1	3
12147 12207	33.3	1	3
12148 12206	33.3	1	3
12151 12185	33.3	1	3
12152 12184	33.3	1	3
12153 12183	33.3	1	3
12154 12182	33.3	1	3
12155 12181	33.3	1	3
12156 12180	33.3	1	3
12157 12179	33.3	1	3
12159 12177	33.3	1	3
12165 12172	33.3	1	3
12166 12171	33.3	1	3
12186 12205	33.3	1	3
12187 12204	33.3	1	3
12188 12203	33.3	1	3
12192 12201	33.3	1	3
12193 12200	33.3	1	3
12194 12199	33.3	1	3
12227 12237	33.3	1	3
12228 12236	33.3	1	3
12229 12235	33.3	1	3
12230 12234	33.3	1	3
12241 12258	33.3	1	3
12244 12255	33.3	1	3
12245 12254	33.3	1	3
12246 12253	33.3	1	3
12247 12252	33.3	1	3
12269 12343	33.3	1	3
12270 12342	33.3	1	3
12271 12341	33.3	1	3
12273 12339	33.3	1	3
12274 12338	33.3	1	3
12275 12337	33.3	1	3
12276 12336	33.3	1	3
12280 12333	33.3	1	3
12281 12332	33.3	1	3
12282 12331	33.3	1	3
12283 12330	33.3	1	3
12287 12325	33.3	1	3
12288 12324	33.3	1	3
12289 12323	33.3	1	3
12290 12321	33.3	1	3
12291 12320	33.3	1	3
12292 12319	33.3	1	3
12297 12316	33.3	1	3
12299 12314	33.3	1	3
12300 12313	33.3	1	3
12301 12312	33.3	1	3
12302 12311	33.3	1	3
12303 12310	33.3	1	3
12430 12360	33.3	1	3
12429 12361	33.3	1	3
12428 12362	33.3	1	3
12427 12363	33.3	1	3
12417 12370	33.3	1	3
12416 12371	33.3	1	3
12415 12372	33.3	1	3
12414 12373	33.3	1	3
12520 12377	33.3	1	3
12519 12378	33.3	1	3
12518 12379	33.3	1	3
12484 12452	33.3	1	3
12483 12453	33.3	1	3
12480 12456	33.3	1	3
12479 12457	33.3	1	3
12477 12459	33.3	1	3
12476 12460	33.3	1	3
12475 12462	33.3	1	3
12474 12463	33.3	1	3
12473 12464	33.3	1	3
12472 12465	33.3	1	3
12471 12466	33.3	1	3
12511 12499	33.3	1	3
12510 12500	33.3	1	3
12509 12501	33.3	1	3
12508 12502	33.3	1	3
12507 12503	33.3	1	3
12517 12380	33.3	1	3
12521 12376	33.3	1	3
73 163	33.3	1	3
79 151	33.3	1	3
80 150	33.3	1	3
81 149	33.3	1	3
83 147	33.3	1	3
85 145	33.3	1	3
86 123	33.3	1	3
87 122	33.3	1	3
89 121	33.3	1	3
90 120	33.3	1	3
91 119	33.3	1	3
92 118	33.3	1	3
93 117	33.3	1	3
94 115	33.3	1	3
95 114	33.3	1	3
99 110	33.3	1	3
100 109	33.3	1	3
101 108	33.3	1	3
102 107	33.3	1	3
166 209	33.3	1	3
167 208	33.3	1	3
168 207	33.3	1	3
169 206	33.3	1	3
171 202	33.3	1	3
172 201	33.3	1	3
173 200	33.3	1	3
174 199	33.3	1	3
175 198	33.3	1	3
176 197	33.3	1	3
177 196	33.3	1	3
178 195	33.3	1	3
180 193	33.3	1	3
181 192	33.3	1	3
182 191	33.3	1	3
183 190	33.3	1	3
184 189	33.3	1	3
215 285	33.3	1	3
216 284	33.3	1	3
217 283	33.3	1	3
220 280	33.3	1	3
221 279	33.3	1	3
222 278	33.3	1	3
223 277	33.3	1	3
224 276	33.3	1	3
225 275	33.3	1	3
226 274	33.3	1	3
227 273	33.3	1	3
231 244	33.3	1	3
232 243	33.3	1	3
233 242	33.3	1	3
234 241	33.3	1	3
246 261	33.3	1	3
247 260	33.3	1	3
248 259	33.3	1	3
249 258	33.3	1	3
250 257	33.3	1	3
251 256	33.3	1	3
327 442	33.3	1	3
329 440	33.3	1	3
330 439	33.3	1	3
337 438	33.3	1	3
338 437	33.3	1	3
339 436	33.3	1	3
340 435	33.3	1	3
343 432	33.3	1	3
344 431	33.3	1	3
345 430	33.3	1	3
346 429	33.3	1	3
347 428	33.3	1	3
373 391	33.3	1	3
374 390	33.3	1	3
375 389	33.3	1	3
376 388	33.3	1	3
377 387	33.3	1	3
378 386	33.3	1	3
393 427	33.3	1	3
394 426	33.3	1	3
395 425	33.3	1	3
396 424	33.3	1	3
398 422	33.3	1	3
399 421	33.3	1	3
400 420	33.3	1	3
402 419	33.3	1	3
403 418	33.3	1	3
404 411	33.3	1	3
546 669	33.3	1	3
548 667	33.3	1	3
549 666	33.3	1	3
551 664	33.3	1	3
552 663	33.3	1	3
597 661	33.3	1	3
598 660	33.3	1	3
599 659	33.3	1	3
600 658	33.3	1	3
601 657	33.3	1	3
602 656	33.3	1	3
603 655	33.3	1	3
604 654	33.3	1	3
607 636	33.3	1	3
608 635	33.3	1	3
609 634	33.3	1	3
610 633	33.3	1	3
611 632	33.3	1	3
612 631	33.3	1	3
613 628	33.3	1	3
614 627	33.3	1	3
615 626	33.3	1	3
616 625	33.3	1	3
617 624	33.3	1	3
618 623	33.3	1	3
637 651	33.3	1	3
638 650	33.3	1	3
639 649	33.3	1	3
673 706	33.3	1	3
674 705	33.3	1	3
675 704	33.3	1	3
678 695	33.3	1	3
679 694	33.3	1	3
681 691	33.3	1	3
682 689	33.3	1	3
850 966	33.3	1	3
867 957	33.3	1	3
868 956	33.3	1	3
869 955	33.3	1	3
872 953	33.3	1	3
873 952	33.3	1	3
874 951	33.3	1	3
875 950	33.3	1	3
876 949	33.3	1	3
877 948	33.3	1	3
880 946	33.3	1	3
881 945	33.3	1	3
882 944	33.3	1	3
883 943	33.3	1	3
884 942	33.3	1	3
886 939	33.3	1	3
887 938	33.3	1	3
888 937	33.3	1	3
889 936	33.3	1	3
890 934	33.3	1	3
891 933	33.3	1	3
892 932	33.3	1	3
893 931	33.3	1	3
894 930	33.3	1	3
895 929	33.3	1	3
899 925	33.3	1	3
900 924	33.3	1	3
901 923	33.3	1	3
902 922	33.3	1	3
903 921	33.3	1	3
1021 1128	33.3	1	3
1258 1359	33.3	1	3
1259 1358	33.3	1	3
1260 1357	33.3	1	3
1261 1356	33.3	1	3
1262 1355	33.3	1	3
1263 1354	33.3	1	3
1266 1286	33.3	1	3
1267 1285	33.3	1	3
1268 1284	33.3	1	3
1269 1283	33.3	1	3
1270 1282	33.3	1	3
1271 1281	33.3	1	3
1273 1280	33.3	1	3
1274 1279	33.3	1	3
1288 1349	33.3	1	3
1289 1348	33.3	1	3
1290 1347	33.3	1	3
1424 1432	33.3	1	3
1436 1450	33.3	1	3
1437 1449	33.3	1	3
1438 1448	33.3	1	3
1439 1447	33.3	1	3
1440 1446	33.3	1	3
1441 1445	33.3	1	3
1456 1485	33.3	1	3
1457 1484	33.3	1	3
1458 1483	33.3	1	3
1459 1482	33.3	1	3
1460 1481	33.3	1	3
1461 1480	33.3	1	3
1463 1479	33.3	1	3
1464 1478	33.3	1	3
1467 1475	33.3	1	3
1468 1474	33.3	1	3
1469 1473	33.3	1	3
1489 1508	33.3	1	3
1490 1507	33.3	1	3
1491 1506	33.3	1	3
1493 1504	33.3	1	3
1494 1503	33.3	1	3
1509 1530	33.3	1	3
1510 1529	33.3	1	3
1511 1528	33.3	1	3
1512 1527	33.3	1	3
1513 1526	33.3	1	3
1514 1525	33.3	1	3
1515 1524	33.3	1	3
1534 1553	33.3	1	3
1535 1552	33.3	1	3
1536 1551	33.3	1	3
1537 1550	33.3	1	3
1538 1549	33.3	1	3
1539 1548	33.3	1	3
1540 1547	33.3	1	3
1555 1607	33.3	1	3
1556 1606	33.3	1	3
1557 1605	33.3	1	3
1558 1604	33.3	1	3
1559 1603	33.3	1	3
1561 1602	33.3	1	3
1562 1601	33.3	1	3
1563 1600	33.3	1	3
1564 1599	33.3	1	3
1565 1598	33.3	1	3
1566 1597	33.3	1	3
1568 1596	33.3	1	3
1569 1595	33.3	1	3
1570 1594	33.3	1	3
1573 1591	33.3	1	3
1574 1590	33.3	1	3
1575 1589	33.3	1	3
1576 1588	33.3	1	3
1577 1587	33.3	1	3
1578 1586	33.3	1	3
1579 1585	33.3	1	3
1830 1886	33.3	1	3
1831 1885	33.3	1	3
1832 1884	33.3	1	3
1833 1883	33.3	1	3
1835 1880	33.3	1	3
1836 1879	33.3	1	3
1837 1878	33.3	1	3
1838 1877	33.3	1	3
1839 1876	33.3	1	3
1840 1875	33.3	1	3
1841 1874	33.3	1	3
1850 1871	33.3	1	3
1851 1870	33.3	1	3
1852 1869	33.3	1	3
1853 1868	33.3	1	3
1854 1867	33.3	1	3
1855 1866	33.3	1	3
1856 1864	33.3	1	3
1857 1863	33.3	1	3
2074 2138	33.3	1	3
2075 2137	33.3	1	3
2076 2136	33.3	1	3
2077 2135	33.3	1	3
2078 2134	33.3	1	3
2079 2133	33.3	1	3
2083 2128	33.3	1	3
2084 2127	33.3	1	3
2085 2126	33.3	1	3
2086 2125	33.3	1	3
2087 2124	33.3	1	3
2088 2122	33.3	1	3
2089 2121	33.3	1	3
2092 2118	33.3	1	3
2093 2117	33.3	1	3
2812 2849	33.3	1	3
2813 2848	33.3	1	3
2817 2847	33.3	1	3
2819 2845	33.3	1	3
2820 2844	33.3	1	3
2854 2919	33.3	1	3
2855 2918	33.3	1	3
2856 2917	33.3	1	3
2857 2916	33.3	1	3
2862 2911	33.3	1	3
2863 2910	33.3	1	3
2864 2909	33.3	1	3
2865 2908	33.3	1	3
2866 2905	33.3	1	3
2867 2904	33.3	1	3
2868 2903	33.3	1	3
2869 2902	33.3	1	3
2870 2898	33.3	1	3
2871 2897	33.3	1	3
2872 2896	33.3	1	3
2873 2895	33.3	1	3
2874 2894	33.3	1	3
2875 2893	33.3	1	3
2876 2892	33.3	1	3
2877 2891	33.3	1	3
2878 2890	33.3	1	3
2934 2947	33.3	1	3
2936 2945	33.3	1	3
2937 2944	33.3	1	3
2966 2986	33.3	1	3
2967 2985	33.3	1	3
2968 2984	33.3	1	3
2969 2983	33.3	1	3
2973 2979	33.3	1	3
3188 3236	33.3	1	3
3204 3219	33.3	1	3
3205 3218	33.3	1	3
3206 3217	33.3	1	3
3207 3216	33.3	1	3
3208 3215	33.3	1	3
3255 3327	33.3	1	3
3256 3326	33.3	1	3
3258 3324	33.3	1	3
3265 3318	33.3	1	3
3266 3317	33.3	1	3
3431 3517	33.3	1	3
3432 3516	33.3	1	3
3433 3515	33.3	1	3
3434 3514	33.3	1	3
3435 3513	33.3	1	3
3436 3512	33.3	1	3
3438 3511	33.3	1	3
3439 3510	33.3	1	3
3440 3508	33.3	1	3
3441 3507	33.3	1	3
3442 3506	33.3	1	3
3478 3490	33.3	1	3
3479 3489	33.3	1	3
3480 3488	33.3	1	3
3481 3487	33.3	1	3
3482 3486	33.3	1	3
3535 3552	33.3	1	3
3536 3551	33.3	1	3
3537 3550	33.3	1	3
3538 3549	33.3	1	3
3539 3548	33.3	1	3
3540 3547	33.3	1	3
3694 3768	33.3	1	3
3695 3767	33.3	1	3
3696 3766	33.3	1	3
3699 3763	33.3	1	3
3700 3762	33.3	1	3
3701 3761	33.3	1	3
3702 3760	33.3	1	3
3703 3759	33.3	1	3
3705 3757	33.3	1	3
3706 3756	33.3	1	3
3707 3755	33.3	1	3
3708 3754	33.3	1	3
3710 3752	33.3	1	3
3711 3751	33.3	1	3
3712 3750	33.3	1	3
3715 3749	33.3	1	3
3716 3748	33.3	1	3
3717 3747	33.3	1	3
3718 3746	33.3	1	3
3719 3745	33.3	1	3
3720 3744	33.3	1	3
3721 3733	33.3	1	3
3722 3732	33.3	1	3
3723 3731	33.3	1	3
3724 3730	33.3	1	3
3858 3896	33.3	1	3
3859 3895	33.3	1	3
3860 3894	33.3	1	3
3906 3925	33.3	1	3
3907 3924	33.3	1	3
3908 3923	33.3	1	3
3909 3922	33.3	1	3
3910 3921	33.3	1	3
3911 3920	33.3	1	3
3912 3919	33.3	1	3
3928 3942	33.3	1	3
3929 3941	33.3	1	3
3930 3940	33.3	1	3
3950 4021	33.3	1	3
3951 4020	33.3	1	3
3952 4019	33.3	1	3
3956 4015	33.3	1	3
3967 4012	33.3	1	3
3968 4011	33.3	1	3
3969 4010	33.3	1	3
3970 4009	33.3	1	3
3971 4008	33.3	1	3
3972 4007	33.3	1	3
3974 4005	33.3	1	3
3975 4004	33.3	1	3
3978 4001	33.3	1	3
4057 4160	33.3	1	3
4294 4313	33.3	1	3
4295 4312	33.3	1	3
4296 4311	33.3	1	3
4297 4310	33.3	1	3
4298 4309	33.3	1	3
4299 4308	33.3	1	3
4300 4307	33.3	1	3
4301 4306	33.3	1	3
4317 4330	33.3	1	3
4318 4329	33.3	1	3
4319 4328	33.3	1	3
4320 4327	33.3	1	3
4321 4326	33.3	1	3
4341 4347	33.3	1	3
4342 4346	33.3	1	3
4354 4369	33.3	1	3
4355 4368	33.3	1	3
4356 4367	33.3	1	3
4357 4366	33.3	1	3
4779 4950	33.3	1	3
4780 4949	33.3	1	3
4781 4948	33.3	1	3
4782 4947	33.3	1	3
4783 4946	33.3	1	3
4784 4945	33.3	1	3
4796 4848	33.3	1	3
4797 4847	33.3	1	3
4798 4846	33.3	1	3
4799 4845	33.3	1	3
4800 4844	33.3	1	3
4801 4843	33.3	1	3
4802 4842	33.3	1	3
4803 4841	33.3	1	3
4808 4837	33.3	1	3
4809 4836	33.3	1	3
4810 4835	33.3	1	3
4811 4834	33.3	1	3
4812 4833	33.3	1	3
4814 4831	33.3	1	3
4815 4830	33.3	1	3
4816 4829	33.3	1	3
4819 4826	33.3	1	3
5029 5057	33.3	1	3
5030 5056	33.3	1	3
5073 5226	33.3	1	3
5074 5225	33.3	1	3
5075 5224	33.3	1	3
5076 5223	33.3	1	3
5077 5222	33.3	1	3
5082 5219	33.3	1	3
5083 5218	33.3	1	3
5084 5217	33.3	1	3
5085 5216	33.3	1	3
5086 5215	33.3	1	3
5087 5157	33.3	1	3
5088 5156	33.3	1	3
5089 5155	33.3	1	3
5090 5154	33.3	1	3
5091 5153	33.3	1	3
5092 5152	33.3	1	3
5093 5149	33.3	1	3
5094 5148	33.3	1	3
5095 5147	33.3	1	3
5098 5144	33.3	1	3
5099 5143	33.3	1	3
5100 5142	33.3	1	3
5101 5141	33.3	1	3
5102 5139	33.3	1	3
5103 5138	33.3	1	3
5104 5137	33.3	1	3
5105 5136	33.3	1	3
5106 5135	33.3	1	3
5110 5130	33.3	1	3
5111 5129	33.3	1	3
5112 5128	33.3	1	3
5230 5241	33.3	1	3
5231 5240	33.3	1	3
5232 5239	33.3	1	3
5233 5238	33.3	1	3
5359 5540	33.3	1	3
5360 5539	33.3	1	3
5361 5538	33.3	1	3
5362 5537	33.3	1	3
5363 5536	33.3	1	3
5364 5535	33.3	1	3
5365 5534	33.3	1	3
5366 5533	33.3	1	3
5368 5531	33.3	1	3
5369 5530	33.3	1	3
5372 5527	33.3	1	3
5374 5525	33.3	1	3
5375 5524	33.3	1	3
5376 5523	33.3	1	3
5377 5522	33.3	1	3
5378 5521	33.3	1	3
5795 5906	33.3	1	3
5801 5900	33.3	1	3
5978 5986	33.3	1	3
5979 5985	33.3	1	3
5988 6096	33.3	1	3
5989 6095	33.3	1	3
5990 6094	33.3	1	3
5991 6088	33.3	1	3
5992 6087	33.3	1	3
5993 6086	33.3	1	3
5994 6085	33.3	1	3
5995 6084	33.3	1	3
5996 6083	33.3	1	3
6000 6079	33.3	1	3
6001 6078	33.3	1	3
6003 6077	33.3	1	3
6004 6076	33.3	1	3
6005 6074	33.3	1	3
6006 6073	33.3	1	3
6008 6071	33.3	1	3
6009 6070	33.3	1	3
6010 6069	33.3	1	3
6011 6068	33.3	1	3
6016 6064	33.3	1	3
6017 6063	33.3	1	3
6018 6062	33.3	1	3
6019 6061	33.3	1	3
6020 6060	33.3	1	3
6022 6058	33.3	1	3
6023 6057	33.3	1	3
6024 6056	33.3	1	3
6025 6055	33.3	1	3
6026 6054	33.3	1	3
6029 6052	33.3	1	3
6030 6051	33.3	1	3
6031 6050	33.3	1	3
6032 6049	33.3	1	3
6439 6508	33.3	1	3
6440 6507	33.3	1	3
6441 6506	33.3	1	3
6443 6504	33.3	1	3
6444 6503	33.3	1	3
6445 6502	33.3	1	3
6447 6500	33.3	1	3
6448 6499	33.3	1	3
6451 6495	33.3	1	3
6452 6494	33.3	1	3
6453 6493	33.3	1	3
6454 6492	33.3	1	3
6455 6491	33.3	1	3
6456 6490	33.3	1	3
6460 6486	33.3	1	3
6461 6485	33.3	1	3
6462 6484	33.3	1	3
6463 6483	33.3	1	3
6465 6481	33.3	1	3
6467 6479	33.3	1	3
6468 6478	33.3	1	3
6766 6849	33.3	1	3
6767 6848	33.3	1	3
6768 6847	33.3	1	3
6769 6846	33.3	1	3
6770 6845	33.3	1	3
6771 6844	33.3	1	3
6772 6843	33.3	1	3
6774 6841	33.3	1	3
6775 6840	33.3	1	3
6776 6839	33.3	1	3
6802 6837	33.3	1	3
6804 6835	33.3	1	3
6805 6834	33.3	1	3
6812 6828	33.3	1	3
6813 6827	33.3	1	3
6814 6826	33.3	1	3
6816 6824	33.3	1	3
6817 6823	33.3	1	3
6879 6895	33.3	1	3
6880 6894	33.3	1	3
6882 6892	33.3	1	3
6883 6891	33.3	1	3
6884 6890	33.3	1	3
6885 6889	33.3	1	3
6959 6983	33.3	1	3
6960 6982	33.3	1	3
6961 6981	33.3	1	3
6963 6979	33.3	1	3
6964 6978	33.3	1	3
7102 7166	33.3	1	3
7103 7165	33.3	1	3
7104 7164	33.3	1	3
7105 7163	33.3	1	3
7106 7162	33.3	1	3
7110 7157	33.3	1	3
7111 7156	33.3	1	3
7112 7155	33.3	1	3
7113 7154	33.3	1	3
7114 7153	33.3	1	3
7118 7151	33.3	1	3
7119 7150	33.3	1	3
7120 7149	33.3	1	3
7121 7148	33.3	1	3
7122 7147	33.3	1	3
7123 7146	33.3	1	3
7126 7142	33.3	1	3
7127 7141	33.3	1	3
7128 7140	33.3	1	3
7129 7139	33.3	1	3
7194 7288	33.3	1	3
7195 7287	33.3	1	3
7196 7286	33.3	1	3
7197 7285	33.3	1	3
7198 7284	33.3	1	3
7201 7280	33.3	1	3
7202 7279	33.3	1	3
7205 7276	33.3	1	3
7206 7275	33.3	1	3
7207 7274	33.3	1	3
7212 7271	33.3	1	3
7213 7270	33.3	1	3
7214 7268	33.3	1	3
7215 7267	33.3	1	3
7216 7266	33.3	1	3
7217 7265	33.3	1	3
7220 7264	33.3	1	3
7221 7263	33.3	1	3
7223 7262	33.3	1	3
7224 7261	33.3	1	3
7225 7260	33.3	1	3
7226 7259	33.3	1	3
7227 7258	33.3	1	3
7228 7257	33.3	1	3
7230 7255	33.3	1	3
7329 7432	33.3	1	3
7330 7431	33.3	1	3
7331 7430	33.3	1	3
7332 7429	33.3	1	3
7333 7428	33.3	1	3
7334 7427	33.3	1	3
7335 7426	33.3	1	3
7336 7425	33.3	1	3
7337 7424	33.3	1	3
7338 7422	33.3	1	3
7339 7421	33.3	1	3
7340 7356	33.3	1	3
7341 7355	33.3	1	3
7342 7354	33.3	1	3
7343 7353	33.3	1	3
7344 7352	33.3	1	3
7345 7351	33.3	1	3
7346 7350	33.3	1	3
7357 7399	33.3	1	3
7358 7398	33.3	1	3
7359 7397	33.3	1	3
7360 7396	33.3	1	3
7361 7389	33.3	1	3
7362 7388	33.3	1	3
7370 7382	33.3	1	3
7371 7381	33.3	1	3
7372 7380	33.3	1	3
7373 7379	33.3	1	3
7674 7716	33.3	1	3
7675 7715	33.3	1	3
7682 7707	33.3	1	3
7683 7706	33.3	1	3
7684 7705	33.3	1	3
7685 7704	33.3	1	3
7686 7702	33.3	1	3
7687 7701	33.3	1	3
7688 7700	33.3	1	3
7689 7699	33.3	1	3
7691 7697	33.3	1	3
7692 7696	33.3	1	3
7729 7767	33.3	1	3
7730 7766	33.3	1	3
7731 7765	33.3	1	3
7732 7764	33.3	1	3
7733 7763	33.3	1	3
7742 7757	33.3	1	3
7906 7944	33.3	1	3
7907 7943	33.3	1	3
7908 7942	33.3	1	3
7921 7941	33.3	1	3
7923 7940	33.3	1	3
7924 7939	33.3	1	3
7925 7938	33.3	1	3
7926 7937	33.3	1	3
7927 7936	33.3	1	3
7950 8071	33.3	1	3
7951 8070	33.3	1	3
7952 8069	33.3	1	3
7953 8068	33.3	1	3
7954 8067	33.3	1	3
7955 8066	33.3	1	3
7956 8065	33.3	1	3
7957 8064	33.3	1	3
7958 8063	33.3	1	3
7988 8014	33.3	1	3
7989 8013	33.3	1	3
7990 8012	33.3	1	3
7994 8007	33.3	1	3
7995 8006	33.3	1	3
7996 8005	33.3	1	3
7997 8004	33.3	1	3
8017 8062	33.3	1	3
8019 8060	33.3	1	3
8021 8058	33.3	1	3
8022 8057	33.3	1	3
8029 8056	33.3	1	3
8030 8054	33.3	1	3
8031 8053	33.3	1	3
8032 8052	33.3	1	3
8033 8051	33.3	1	3
8034 8050	33.3	1	3
8201 8308	33.3	1	3
8202 8307	33.3	1	3
8204 8305	33.3	1	3
8205 8304	33.3	1	3
8206 8303	33.3	1	3
8207 8302	33.3	1	3
8213 8297	33.3	1	3
8214 8296	33.3	1	3
8215 8295	33.3	1	3
8227 8283	33.3	1	3
8228 8282	33.3	1	3
8229 8281	33.3	1	3
8230 8280	33.3	1	3
8231 8279	33.3	1	3
8232 8278	33.3	1	3
8240 8254	33.3	1	3
8241 8253	33.3	1	3
8242 8252	33.3	1	3
8243 8251	33.3	1	3
8244 8250	33.3	1	3
8388 8392	33.3	1	3
8393 8502	33.3	1	3
8394 8501	33.3	1	3
8396 8500	33.3	1	3
8397 8499	33.3	1	3
8398 8498	33.3	1	3
8399 8497	33.3	1	3
8400 8496	33.3	1	3
8401 8495	33.3	1	3
8402 8494	33.3	1	3
8782 8882	33.3	1	3
8783 8881	33.3	1	3
8784 8880	33.3	1	3
8785 8879	33.3	1	3
8786 8878	33.3	1	3
8789 8876	33.3	1	3
8790 8875	33.3	1	3
8799 8874	33.3	1	3
8800 8873	33.3	1	3
8801 8872	33.3	1	3
8803 8870	33.3	1	3
8804 8867	33.3	1	3
8805 8866	33.3	1	3
8806 8865	33.3	1	3
8807 8864	33.3	1	3
8808 8863	33.3	1	3
8809 8862	33.3	1	3
8811 8860	33.3	1	3
8812 8859	33.3	1	3
8813 8858	33.3	1	3
8814 8857	33.3	1	3
8816 8852	33.3	1	3
8817 8851	33.3	1	3
8818 8850	33.3	1	3
8819 8849	33.3	1	3
8820 8848	33.3	1	3
8821 8847	33.3	1	3
8822 8846	33.3	1	3
8831 8840	33.3	1	3
8832 8839	33.3	1	3
8886 8894	33.3	1	3
8887 8893	33.3	1	3
9066 9080	33.3	1	3
9067 9079	33.3	1	3
9069 9077	33.3	1	3
9070 9076	33.3	1	3
9071 9075	33.3	1	3
9119 9229	33.3	1	3
9120 9228	33.3	1	3
9121 9227	33.3	1	3
9122 9226	33.3	1	3
9123 9225	33.3	1	3
9124 9224	33.3	1	3
9131 9215	33.3	1	3
9132 9214	33.3	1	3
9133 9213	33.3	1	3
9134 9212	33.3	1	3
9135 9211	33.3	1	3
9136 9210	33.3	1	3
9137 9209	33.3	1	3
9138 9208	33.3	1	3
9139 9207	33.3	1	3
9141 9205	33.3	1	3
9143 9203	33.3	1	3
9144 9202	33.3	1	3
9183 9198	33.3	1	3
9184 9197	33.3	1	3
9185 9196	33.3	1	3
9186 9195	33.3	1	3
9586 9671	33.3	1	3
9587 9670	33.3	1	3
9588 9669	33.3	1	3
9589 9668	33.3	1	3
9590 9667	33.3	1	3
9591 9666	33.3	1	3
9592 9665	33.3	1	3
9601 9660	33.3	1	3
9602 9659	33.3	1	3
9603 9658	33.3	1	3
9604 9657	33.3	1	3
9606 9655	33.3	1	3
9607 9654	33.3	1	3
9608 9653	33.3	1	3
9609 9651	33.3	1	3
9610 9650	33.3	1	3
9611 9649	33.3	1	3
9612 9648	33.3	1	3
9614 9646	33.3	1	3
9615 9645	33.3	1	3
9616 9644	33.3	1	3
9621 9642	33.3	1	3
9622 9641	33.3	1	3
9623 9640	33.3	1	3
9624 9639	33.3	1	3
9625 9638	33.3	1	3
9627 9636	33.3	1	3
9628 9635	33.3	1	3
9629 9634	33.3	1	3
9834 9904	33.3	1	3
9835 9903	33.3	1	3
9836 9902	33.3	1	3
9837 9901	33.3	1	3
9841 9881	33.3	1	3
9842 9880	33.3	1	3
9843 9879	33.3	1	3
9844 9878	33.3	1	3
9845 9877	33.3	1	3
9846 9876	33.3	1	3
9847 9874	33.3	1	3
9848 9873	33.3	1	3
9849 9872	33.3	1	3
9850 9871	33.3	1	3
9851 9870	33.3	1	3
9852 9869	33.3	1	3
9854 9865	33.3	1	3
9855 9864	33.3	1	3
9856 9863	33.3	1	3
9857 9862	33.3	1	3
10076 10115	33.3	1	3
10077 10114	33.3	1	3
10080 10111	33.3	1	3
10081 10110	33.3	1	3
10117 10146	33.3	1	3
10118 10145	33.3	1	3
10122 10141	33.3	1	3
10123 10140	33.3	1	3
10124 10139	33.3	1	3
10125 10138	33.3	1	3
10126 10137	33.3	1	3
10127 10136	33.3	1	3
10128 10135	33.3	1	3
10221 10303	33.3	1	3
10222 10302	33.3	1	3
10223 10301	33.3	1	3
10224 10300	33.3	1	3
10225 10299	33.3	1	3
10226 10298	33.3	1	3
10227 10297	33.3	1	3
10228 10296	33.3	1	3
10229 10295	33.3	1	3
10230 10294	33.3	1	3
10233 10293	33.3	1	3
10234 10292	33.3	1	3
10235 10291	33.3	1	3
10239 10290	33.3	1	3
10240 10289	33.3	1	3
10241 10288	33.3	1	3
10242 10287	33.3	1	3
10243 10286	33.3	1	3
10248 10281	33.3	1	3
10249 10280	33.3	1	3
10250 10279	33.3	1	3
10251 10278	33.3	1	3
10252 10277	33.3	1	3
10255 10275	33.3	1	3
10256 10274	33.3	1	3
10257 10273	33.3	1	3
10262 10272	33.3	1	3
10263 10271	33.3	1	3
10264 10270	33.3	1	3
10265 10269	33.3	1	3
10320 10339	33.3	1	3
10346 10448	33.3	1	3
10348 10446	33.3	1	3
10350 10444	33.3	1	3
10351 10443	33.3	1	3
10364 10398	33.3	1	3
10365 10397	33.3	1	3
10366 10396	33.3	1	3
10367 10395	33.3	1	3
10369 10392	33.3	1	3
10682 10725	33.3	1	3
10683 10724	33.3	1	3
10727 10802	33.3	1	3
10731 10795	33.3	1	3
10732 10794	33.3	1	3
10733 10793	33.3	1	3
10734 10792	33.3	1	3
10737 10790	33.3	1	3
10738 10789	33.3	1	3
10739 10788	33.3	1	3
10740 10787	33.3	1	3
10741 10786	33.3	1	3
10749 10784	33.3	1	3
10750 10783	33.3	1	3
10751 10782	33.3	1	3
10752 10781	33.3	1	3
10754 10779	33.3	1	3
10755 10778	33.3	1	3
10756 10777	33.3	1	3
10757 10776	33.3	1	3
10759 10774	33.3	1	3
10760 10773	33.3	1	3
10761 10772	33.3	1	3
10762 10771	33.3	1	3
10763 10770	33.3	1	3
10764 10769	33.3	1	3
10894 10923	33.3	1	3
10895 10922	33.3	1	3
10896 10921	33.3	1	3
10897 10920	33.3	1	3
10898 10918	33.3	1	3
10899 10917	33.3	1	3
10900 10916	33.3	1	3
10901 10915	33.3	1	3
10902 10914	33.3	1	3
10903 10913	33.3	1	3
10904 10912	33.3	1	3
10926 10947	33.3	1	3
10927 10946	33.3	1	3
10928 10945	33.3	1	3
10929 10944	33.3	1	3
10930 10943	33.3	1	3
10932 10941	33.3	1	3
10933 10940	33.3	1	3
10949 11000	33.3	1	3
10950 10999	33.3	1	3
10951 10998	33.3	1	3
10952 10997	33.3	1	3
10956 10992	33.3	1	3
10957 10991	33.3	1	3
10958 10990	33.3	1	3
10959 10989	33.3	1	3
10960 10988	33.3	1	3
10961 10987	33.3	1	3
10963 10985	33.3	1	3
10967 10981	33.3	1	3
10968 10980	33.3	1	3
10969 10979	33.3	1	3
11005 11015	33.3	1	3
11006 11014	33.3	1	3
11007 11013	33.3	1	3
11100 11208	33.3	1	3
11101 11215	33.3	1	3
11202 11211	33.3	1	3
11203 11210	33.3	1	3
11324 11437	33.3	1	3
11325 11436	33.3	1	3
11326 11435	33.3	1	3
11327 11434	33.3	1	3
11328 11433	33.3	1	3
11329 11432	33.3	1	3
11348 11462	33.3	1	3
11350 11460	33.3	1	3
11489 11608	33.3	1	3
11490 11607	33.3	1	3
11491 11606	33.3	1	3
11493 11604	33.3	1	3
11494 11603	33.3	1	3
11495 11602	33.3	1	3
11498 11601	33.3	1	3
11499 11600	33.3	1	3
11676 11796	33.3	1	3
11716 11780	33.3	1	3
11717 11779	33.3	1	3
11718 11778	33.3	1	3
11719 11777	33.3	1	3
11720 11776	33.3	1	3
11721 11773	33.3	1	3
11722 11772	33.3	1	3
11723 11771	33.3	1	3
11724 11770	33.3	1	3
11725 11769	33.3	1	3
11726 11768	33.3	1	3
11727 11767	33.3	1	3
11728 11766	33.3	1	3
11732 11764	33.3	1	3
11733 11763	33.3	1	3
11734 11762	33.3	1	3
11736 11760	33.3	1	3
11737 11759	33.3	1	3
11738 11758	33.3	1	3
11739 11757	33.3	1	3
11942 11969	33.3	1	3
11943 11968	33.3	1	3
11944 11967	33.3	1	3
11945 11966	33.3	1	3
11946 11965	33.3	1	3
11950 11964	33.3	1	3
11951 11963	33.3	1	3
11952 11962	33.3	1	3
11953 11961	33.3	1	3
11954 11960	33.3	1	3
11970 11999	33.3	1	3
11971 11998	33.3	1	3
11972 11997	33.3	1	3
11973 11996	33.3	1	3
11974 11995	33.3	1	3
11975 11994	33.3	1	3
11978 11988	33.3	1	3
11979 11987	33.3	1	3
11980 11986	33.3	1	3
12000 12026	33.3	1	3
12001 12025	33.3	1	3
12002 12024	33.3	1	3
12003 12023	33.3	1	3
12004 12022	33.3	1	3
12008 12018	33.3	1	3
12047 12057	33.3	1	3
12048 12056	33.3	1	3
12081 12104	33.3	1	3
12110 12142	33.3	1	3
12111 12141	33.3	1	3
12112 12140	33.3	1	3
12115 12138	33.3	1	3
12116 12137	33.3	1	3
12117 12136	33.3	1	3
12118 12135	33.3	1	3
12119 12134	33.3	1	3
12120 12133	33.3	1	3
12124 12132	33.3	1	3
12125 12131	33.3	1	3
12126 12130	33.3	1	3
12153 12235	33.3	1	3
12154 12234	33.3	1	3
12155 12233	33.3	1	3
12157 12231	33.3	1	3
12158 12230	33.3	1	3
12166 12222	33.3	1	3
12168 12220	33.3	1	3
12170 12214	33.3	1	3
12171 12213	33.3	1	3
12172 12212	33.3	1	3
12173 12211	33.3	1	3
12174 12210	33.3	1	3
12187 12197	33.3	1	3
12188 12196	33.3	1	3
12484 12436	33.3	1	3
12483 12437	33.3	1	3
12482 12438	33.3	1	3
12480 12439	33.3	1	3
12479 12440	33.3	1	3
12477 12443	33.3	1	3
12475 12445	33.3	1	3
12474 12446	33.3	1	3
12473 12447	33.3	1	3
12555 12478	33.3	1	3
12548 12486	33.3	1	3
12547 12487	33.3	1	3
12546 12488	33.3	1	3
12545 12489	33.3	1	3
12543 12491	33.3	1	3
12542 12492	33.3	1	3
