1 68	6.7	1	15
13 65	6.7	1	15
14 64	6.7	1	15
15 63	6.7	1	15
16 62	13.3	2	15
17 61	6.7	1	15
18 60	6.7	1	15
29 45	6.7	1	15
30 44	13.3	2	15
31 43	13.3	2	15
32 42	6.7	1	15
33 41	6.7	1	15
34 40	6.7	1	15
35 39	6.7	1	15
46 57	53.3	8	15
47 56	60.0	9	15
48 55	60.0	9	15
77 122	60.0	9	15
78 121	60.0	9	15
79 120	66.7	10	15
80 119	60.0	9	15
81 118	53.3	8	15
82 117	53.3	8	15
83 116	46.7	7	15
84 115	46.7	7	15
86 114	20.0	3	15
87 113	33.3	5	15
88 112	26.7	4	15
89 111	40.0	6	15
90 110	46.7	7	15
91 109	53.3	8	15
92 108	60.0	9	15
93 107	53.3	8	15
94 106	53.3	8	15
95 105	60.0	9	15
96 104	20.0	3	15
125 165	6.7	1	15
126 164	6.7	1	15
128 163	6.7	1	15
129 162	6.7	1	15
130 161	6.7	1	15
131 160	6.7	1	15
132 159	6.7	1	15
133 158	6.7	1	15
134 157	6.7	1	15
135 156	6.7	1	15
136 155	6.7	1	15
137 154	6.7	1	15
139 153	6.7	1	15
140 152	6.7	1	15
141 151	6.7	1	15
142 150	6.7	1	15
143 149	6.7	1	15
168 182	13.3	2	15
169 181	6.7	1	15
170 180	6.7	1	15
171 179	6.7	1	15
1076 1174	6.7	1	15
1077 1173	6.7	1	15
1078 1172	6.7	1	15
1079 1171	6.7	1	15
1082 1169	6.7	1	15
1083 1168	6.7	1	15
1084 1167	6.7	1	15
1085 1166	6.7	1	15
1086 1165	6.7	1	15
1087 1164	6.7	1	15
1233 1314	6.7	1	15
1234 1313	6.7	1	15
1235 1312	6.7	1	15
1236 1311	6.7	1	15
1237 1310	6.7	1	15
1238 1309	6.7	1	15
1239 1307	6.7	1	15
1240 1306	6.7	1	15
1241 1305	6.7	1	15
1242 1304	6.7	1	15
1244 1303	6.7	1	15
1245 1302	6.7	1	15
1246 1301	6.7	1	15
1247 1300	6.7	1	15
1248 1299	6.7	1	15
1249 1298	6.7	1	15
1250 1297	6.7	1	15
1251 1296	6.7	1	15
1252 1295	6.7	1	15
1771 1801	13.3	2	15
1773 1799	13.3	2	15
2216 2244	6.7	1	15
2217 2243	6.7	1	15
2218 2242	6.7	1	15
2219 2241	6.7	1	15
2220 2240	6.7	1	15
2221 2239	6.7	1	15
2222 2238	6.7	1	15
2223 2237	6.7	1	15
2224 2235	6.7	1	15
2225 2234	6.7	1	15
2226 2233	6.7	1	15
2263 2281	6.7	1	15
2264 2280	6.7	1	15
2265 2279	6.7	1	15
2269 2274	6.7	1	15
2688 2792	6.7	1	15
4546 4633	6.7	1	15
4547 4632	6.7	1	15
4548 4631	6.7	1	15
4551 4628	6.7	1	15
4981 4994	6.7	1	15
4982 4993	6.7	1	15
4983 4992	6.7	1	15
4984 4991	6.7	1	15
5016 5079	6.7	1	15
5017 5078	6.7	1	15
5018 5077	6.7	1	15
5019 5076	6.7	1	15
5020 5075	6.7	1	15
5021 5074	6.7	1	15
5022 5073	6.7	1	15
5023 5072	6.7	1	15
5024 5071	6.7	1	15
5025 5070	6.7	1	15
5026 5069	6.7	1	15
5027 5068	6.7	1	15
5028 5067	6.7	1	15
5029 5066	6.7	1	15
5030 5065	6.7	1	15
5032 5064	6.7	1	15
5033 5063	6.7	1	15
5034 5062	6.7	1	15
5040 5059	6.7	1	15
5047 5058	6.7	1	15
5048 5057	6.7	1	15
5080 5133	6.7	1	15
5081 5132	6.7	1	15
5082 5131	6.7	1	15
5083 5130	6.7	1	15
5084 5129	6.7	1	15
5085 5128	6.7	1	15
5086 5127	6.7	1	15
5091 5123	6.7	1	15
5092 5122	6.7	1	15
5093 5121	6.7	1	15
5094 5120	6.7	1	15
5095 5119	6.7	1	15
5096 5118	6.7	1	15
5097 5117	6.7	1	15
5098 5116	6.7	1	15
5100 5114	6.7	1	15
5101 5113	6.7	1	15
5102 5112	6.7	1	15
5138 5170	13.3	2	15
5141 5167	13.3	2	15
5142 5166	13.3	2	15
5143 5165	13.3	2	15
5144 5164	13.3	2	15
5145 5163	13.3	2	15
5146 5162	13.3	2	15
5148 5160	13.3	2	15
5149 5159	13.3	2	15
5150 5158	13.3	2	15
5151 5157	6.7	1	15
5152 5156	6.7	1	15
5395 5501	6.7	1	15
5396 5500	6.7	1	15
5776 5867	6.7	1	15
5777 5866	6.7	1	15
5778 5865	6.7	1	15
5779 5864	6.7	1	15
5780 5863	6.7	1	15
5781 5827	6.7	1	15
5782 5826	6.7	1	15
5783 5825	6.7	1	15
5784 5824	6.7	1	15
5785 5821	6.7	1	15
5786 5820	6.7	1	15
5787 5819	6.7	1	15
5828 5862	6.7	1	15
5829 5861	6.7	1	15
5830 5860	6.7	1	15
5831 5859	6.7	1	15
5834 5856	6.7	1	15
5835 5855	6.7	1	15
5838 5852	6.7	1	15
5840 5849	6.7	1	15
5841 5848	6.7	1	15
6625 6703	6.7	1	15
6626 6702	6.7	1	15
6627 6701	6.7	1	15
6628 6700	6.7	1	15
6629 6699	6.7	1	15
6630 6698	6.7	1	15
6631 6693	6.7	1	15
6632 6692	6.7	1	15
6633 6691	6.7	1	15
6708 6730	6.7	1	15
6709 6729	6.7	1	15
6710 6728	6.7	1	15
6715 6724	6.7	1	15
6829 6917	6.7	1	15
6830 6916	6.7	1	15
6831 6915	6.7	1	15
6832 6914	6.7	1	15
6833 6913	6.7	1	15
6834 6906	6.7	1	15
6835 6905	6.7	1	15
6836 6904	6.7	1	15
6841 6901	6.7	1	15
6842 6900	6.7	1	15
6843 6899	6.7	1	15
6844 6898	6.7	1	15
6845 6897	6.7	1	15
6846 6896	6.7	1	15
6847 6895	6.7	1	15
6848 6894	6.7	1	15
6849 6893	6.7	1	15
8419 8438	6.7	1	15
8420 8437	6.7	1	15
8421 8436	6.7	1	15
8422 8435	6.7	1	15
8423 8434	6.7	1	15
8424 8433	6.7	1	15
8425 8432	6.7	1	15
8451 8472	6.7	1	15
8452 8471	6.7	1	15
8453 8470	6.7	1	15
8454 8469	6.7	1	15
8455 8468	6.7	1	15
8457 8466	6.7	1	15
9096 9135	6.7	1	15
9097 9134	13.3	2	15
9098 9133	13.3	2	15
9100 9131	6.7	1	15
9101 9130	13.3	2	15
9102 9129	13.3	2	15
9103 9128	13.3	2	15
9106 9124	13.3	2	15
9107 9123	13.3	2	15
9108 9122	6.7	1	15
9109 9121	6.7	1	15
9110 9120	6.7	1	15
9111 9119	6.7	1	15
9112 9118	6.7	1	15
2 16	26.7	4	15
3 15	33.3	5	15
4 14	26.7	4	15
5 13	20.0	3	15
7 42	6.7	1	15
8 41	6.7	1	15
49 54	53.3	8	15
65 72	6.7	1	15
66 71	6.7	1	15
85 114	33.3	5	15
129 170	13.3	2	15
130 169	13.3	2	15
131 168	13.3	2	15
134 165	13.3	2	15
135 164	13.3	2	15
136 163	13.3	2	15
137 162	13.3	2	15
138 161	13.3	2	15
139 160	13.3	2	15
140 159	13.3	2	15
141 158	13.3	2	15
144 157	13.3	2	15
493 592	6.7	1	15
506 581	6.7	1	15
507 580	6.7	1	15
508 579	6.7	1	15
509 578	6.7	1	15
510 577	6.7	1	15
513 574	6.7	1	15
514 573	6.7	1	15
515 572	6.7	1	15
516 571	6.7	1	15
517 570	6.7	1	15
522 568	6.7	1	15
523 567	6.7	1	15
524 566	6.7	1	15
526 564	6.7	1	15
527 563	6.7	1	15
528 562	6.7	1	15
530 560	6.7	1	15
531 559	6.7	1	15
934 1005	13.3	2	15
935 1004	6.7	1	15
936 1003	6.7	1	15
937 1002	6.7	1	15
940 1000	13.3	2	15
1038 1131	6.7	1	15
1039 1130	6.7	1	15
1040 1129	6.7	1	15
1041 1128	6.7	1	15
1043 1126	6.7	1	15
1729 1768	6.7	1	15
1732 1766	6.7	1	15
1733 1765	6.7	1	15
1734 1764	6.7	1	15
1735 1763	6.7	1	15
1736 1762	6.7	1	15
1737 1761	6.7	1	15
1738 1760	6.7	1	15
1739 1759	6.7	1	15
2615 2644	6.7	1	15
2616 2643	6.7	1	15
2617 2642	6.7	1	15
2618 2641	6.7	1	15
2647 2668	6.7	1	15
2648 2667	6.7	1	15
2649 2666	6.7	1	15
2650 2665	6.7	1	15
2651 2664	6.7	1	15
2652 2663	6.7	1	15
2653 2662	6.7	1	15
2654 2661	6.7	1	15
2655 2660	6.7	1	15
3315 3370	6.7	1	15
3316 3369	6.7	1	15
3317 3368	6.7	1	15
3318 3367	6.7	1	15
3319 3361	6.7	1	15
3320 3360	6.7	1	15
3321 3359	6.7	1	15
3323 3357	6.7	1	15
3324 3356	6.7	1	15
3326 3355	6.7	1	15
3327 3354	6.7	1	15
3328 3353	6.7	1	15
3329 3352	6.7	1	15
3330 3351	6.7	1	15
3331 3350	6.7	1	15
3332 3349	6.7	1	15
3333 3348	6.7	1	15
3335 3347	6.7	1	15
3336 3346	6.7	1	15
3337 3345	6.7	1	15
3818 3908	6.7	1	15
3819 3907	6.7	1	15
3820 3906	6.7	1	15
3821 3905	6.7	1	15
3822 3904	6.7	1	15
3823 3902	6.7	1	15
3825 3900	6.7	1	15
3826 3899	6.7	1	15
4022 4125	6.7	1	15
4023 4124	6.7	1	15
4024 4123	6.7	1	15
4025 4122	6.7	1	15
5071 5086	6.7	1	15
5072 5085	6.7	1	15
5095 5136	6.7	1	15
5096 5135	6.7	1	15
5097 5134	6.7	1	15
5098 5133	6.7	1	15
5099 5132	6.7	1	15
5100 5131	6.7	1	15
5101 5130	6.7	1	15
5108 5127	6.7	1	15
5109 5126	6.7	1	15
5110 5125	6.7	1	15
5111 5124	6.7	1	15
5112 5123	6.7	1	15
5113 5122	6.7	1	15
5114 5121	6.7	1	15
5137 5171	6.7	1	15
5139 5169	6.7	1	15
5140 5168	6.7	1	15
6043 6081	6.7	1	15
6044 6080	6.7	1	15
6045 6079	6.7	1	15
6046 6078	6.7	1	15
6048 6076	6.7	1	15
6049 6075	6.7	1	15
6050 6074	6.7	1	15
6090 6115	6.7	1	15
6091 6114	6.7	1	15
6092 6113	6.7	1	15
6093 6112	6.7	1	15
6094 6111	6.7	1	15
6095 6110	6.7	1	15
6096 6109	6.7	1	15
6097 6108	6.7	1	15
6098 6107	6.7	1	15
6099 6106	6.7	1	15
6120 6157	6.7	1	15
6121 6156	6.7	1	15
6124 6153	6.7	1	15
6125 6152	6.7	1	15
6126 6151	6.7	1	15
6127 6150	6.7	1	15
6128 6149	6.7	1	15
6129 6148	6.7	1	15
6130 6147	6.7	1	15
6131 6142	6.7	1	15
6132 6141	6.7	1	15
6133 6140	6.7	1	15
6134 6139	6.7	1	15
6389 6458	33.3	5	15
6390 6457	26.7	4	15
6391 6456	26.7	4	15
6393 6454	6.7	1	15
6394 6453	6.7	1	15
6396 6451	6.7	1	15
6397 6450	6.7	1	15
6398 6448	20.0	3	15
6399 6447	13.3	2	15
6400 6446	20.0	3	15
6401 6445	20.0	3	15
6402 6444	13.3	2	15
6403 6443	13.3	2	15
6404 6442	13.3	2	15
6405 6441	13.3	2	15
6406 6440	13.3	2	15
6407 6439	13.3	2	15
6408 6438	6.7	1	15
6412 6437	6.7	1	15
6416 6435	20.0	3	15
6417 6434	13.3	2	15
6418 6433	20.0	3	15
6419 6432	20.0	3	15
6420 6431	20.0	3	15
6421 6430	20.0	3	15
6422 6429	20.0	3	15
6423 6428	20.0	3	15
7173 7223	6.7	1	15
7174 7222	6.7	1	15
7175 7221	6.7	1	15
7176 7220	6.7	1	15
7181 7217	6.7	1	15
7182 7216	6.7	1	15
7183 7215	6.7	1	15
7184 7214	6.7	1	15
7185 7213	6.7	1	15
7186 7212	6.7	1	15
7187 7210	6.7	1	15
7188 7209	6.7	1	15
7189 7208	6.7	1	15
7190 7207	6.7	1	15
7191 7206	6.7	1	15
7192 7205	6.7	1	15
7193 7204	6.7	1	15
7194 7203	6.7	1	15
7311 7348	6.7	1	15
7312 7347	6.7	1	15
7313 7346	6.7	1	15
7314 7345	6.7	1	15
7315 7344	6.7	1	15
7317 7343	6.7	1	15
8532 8644	6.7	1	15
8533 8643	6.7	1	15
8534 8642	6.7	1	15
8535 8641	6.7	1	15
9026 9087	6.7	1	15
9027 9086	6.7	1	15
9028 9085	6.7	1	15
9030 9066	6.7	1	15
9031 9065	6.7	1	15
9033 9063	6.7	1	15
9069 9084	20.0	3	15
9070 9083	20.0	3	15
9071 9082	20.0	3	15
9072 9081	20.0	3	15
9073 9080	20.0	3	15
9074 9079	20.0	3	15
9314 9422	6.7	1	15
9315 9421	6.7	1	15
9316 9420	6.7	1	15
9317 9419	6.7	1	15
9320 9416	6.7	1	15
9321 9415	6.7	1	15
9322 9414	6.7	1	15
9325 9411	6.7	1	15
9326 9410	6.7	1	15
9331 9405	6.7	1	15
9332 9404	6.7	1	15
9333 9403	6.7	1	15
9334 9402	6.7	1	15
9335 9401	6.7	1	15
9336 9400	6.7	1	15
9616 9630	6.7	1	15
9617 9629	6.7	1	15
13 36	6.7	1	15
14 35	6.7	1	15
15 34	6.7	1	15
17 32	6.7	1	15
18 31	20.0	3	15
19 30	20.0	3	15
20 29	20.0	3	15
21 28	6.7	1	15
37 66	40.0	6	15
38 65	40.0	6	15
39 64	40.0	6	15
40 63	26.7	4	15
42 61	33.3	5	15
133 223	6.7	1	15
134 222	6.7	1	15
135 221	6.7	1	15
136 220	6.7	1	15
137 219	6.7	1	15
139 217	6.7	1	15
141 212	6.7	1	15
142 211	6.7	1	15
146 207	6.7	1	15
286 308	6.7	1	15
290 305	6.7	1	15
291 304	6.7	1	15
293 302	6.7	1	15
338 378	6.7	1	15
339 377	6.7	1	15
340 376	6.7	1	15
341 375	6.7	1	15
342 374	6.7	1	15
346 369	6.7	1	15
347 368	6.7	1	15
348 367	6.7	1	15
349 366	6.7	1	15
350 365	6.7	1	15
351 364	6.7	1	15
352 363	6.7	1	15
353 362	6.7	1	15
354 361	6.7	1	15
355 360	6.7	1	15
413 424	6.7	1	15
414 423	6.7	1	15
415 422	6.7	1	15
416 421	6.7	1	15
427 495	6.7	1	15
428 494	6.7	1	15
429 492	6.7	1	15
430 491	6.7	1	15
431 490	6.7	1	15
432 489	6.7	1	15
433 488	6.7	1	15
435 486	6.7	1	15
436 485	6.7	1	15
437 484	6.7	1	15
438 483	6.7	1	15
440 481	6.7	1	15
441 480	6.7	1	15
442 479	6.7	1	15
443 477	6.7	1	15
444 476	6.7	1	15
445 475	6.7	1	15
446 474	6.7	1	15
447 473	6.7	1	15
448 472	6.7	1	15
451 470	6.7	1	15
2213 2299	6.7	1	15
2214 2298	6.7	1	15
2215 2297	6.7	1	15
2216 2296	6.7	1	15
2217 2295	6.7	1	15
2218 2294	6.7	1	15
2219 2293	6.7	1	15
2220 2292	6.7	1	15
2221 2291	13.3	2	15
2222 2290	13.3	2	15
2223 2289	13.3	2	15
2224 2288	13.3	2	15
2225 2287	13.3	2	15
2227 2285	13.3	2	15
2228 2284	13.3	2	15
2229 2283	13.3	2	15
2230 2282	13.3	2	15
2232 2249	6.7	1	15
2233 2248	6.7	1	15
2234 2247	6.7	1	15
2235 2246	6.7	1	15
2237 2245	6.7	1	15
2238 2244	6.7	1	15
2239 2243	6.7	1	15
2250 2278	6.7	1	15
2251 2277	6.7	1	15
2252 2276	6.7	1	15
2877 2922	6.7	1	15
2927 2939	6.7	1	15
2928 2938	6.7	1	15
2929 2937	6.7	1	15
2931 2935	6.7	1	15
3355 3407	20.0	3	15
3356 3406	20.0	3	15
3357 3405	20.0	3	15
3358 3404	20.0	3	15
3359 3403	20.0	3	15
3361 3401	20.0	3	15
3362 3400	20.0	3	15
3369 3395	6.7	1	15
3370 3394	6.7	1	15
3371 3393	6.7	1	15
3408 3430	6.7	1	15
3409 3429	6.7	1	15
4240 4333	6.7	1	15
4353 4425	6.7	1	15
4354 4424	6.7	1	15
4355 4423	6.7	1	15
4357 4421	6.7	1	15
4358 4420	6.7	1	15
4360 4418	6.7	1	15
4361 4417	6.7	1	15
4362 4416	6.7	1	15
4363 4415	6.7	1	15
4364 4414	6.7	1	15
4365 4413	6.7	1	15
4366 4412	6.7	1	15
4367 4411	6.7	1	15
4369 4409	6.7	1	15
4371 4407	6.7	1	15
4433 4456	6.7	1	15
4434 4455	6.7	1	15
4437 4453	6.7	1	15
4438 4452	6.7	1	15
7138 7244	6.7	1	15
7139 7243	6.7	1	15
7140 7242	6.7	1	15
7141 7241	6.7	1	15
7146 7234	6.7	1	15
7147 7233	6.7	1	15
7148 7232	6.7	1	15
8817 8850	6.7	1	15
8818 8849	6.7	1	15
8819 8848	6.7	1	15
8820 8847	6.7	1	15
8821 8846	6.7	1	15
8822 8845	6.7	1	15
8856 8916	20.0	3	15
8857 8915	20.0	3	15
8858 8914	20.0	3	15
8859 8913	20.0	3	15
8860 8912	20.0	3	15
8861 8911	20.0	3	15
8863 8908	6.7	1	15
8864 8907	6.7	1	15
8865 8906	6.7	1	15
8866 8905	6.7	1	15
8867 8904	6.7	1	15
8869 8903	6.7	1	15
8870 8902	6.7	1	15
8872 8898	13.3	2	15
8873 8897	13.3	2	15
8926 8940	6.7	1	15
8927 8939	6.7	1	15
10234 10173	6.7	1	15
10176 10231	6.7	1	15
10180 10227	6.7	1	15
10181 10226	6.7	1	15
10183 10224	6.7	1	15
10184 10223	6.7	1	15
10185 10222	6.7	1	15
10186 10221	6.7	1	15
10187 10220	6.7	1	15
10189 10200	6.7	1	15
10190 10199	6.7	1	15
10191 10198	6.7	1	15
10192 10197	6.7	1	15
10337 10228	6.7	1	15
10336 10229	6.7	1	15
10332 10230	6.7	1	15
10330 10232	6.7	1	15
10328 10235	6.7	1	15
10327 10236	6.7	1	15
10326 10237	6.7	1	15
10323 10240	6.7	1	15
10322 10241	6.7	1	15
10321 10242	6.7	1	15
10320 10243	6.7	1	15
10319 10244	6.7	1	15
10318 10245	6.7	1	15
10317 10246	6.7	1	15
10316 10247	6.7	1	15
10315 10248	6.7	1	15
10297 10255	6.7	1	15
10296 10256	6.7	1	15
10295 10257	6.7	1	15
10294 10258	6.7	1	15
10293 10259	6.7	1	15
10292 10260	6.7	1	15
10290 10261	6.7	1	15
10289 10262	6.7	1	15
10288 10263	6.7	1	15
10287 10264	6.7	1	15
10286 10265	6.7	1	15
10285 10266	6.7	1	15
10284 10267	6.7	1	15
10283 10268	6.7	1	15
10282 10269	6.7	1	15
10278 10271	6.7	1	15
10277 10272	6.7	1	15
10312 10299	6.7	1	15
10311 10300	6.7	1	15
10310 10301	6.7	1	15
10309 10302	6.7	1	15
10350 10329	6.7	1	15
1 17	20.0	3	15
35 68	33.3	5	15
36 67	33.3	5	15
45 58	33.3	5	15
123 177	6.7	1	15
124 176	6.7	1	15
127 173	6.7	1	15
128 172	6.7	1	15
129 171	6.7	1	15
130 170	6.7	1	15
131 169	6.7	1	15
132 168	6.7	1	15
145 156	13.3	2	15
146 155	13.3	2	15
147 154	13.3	2	15
148 153	6.7	1	15
1062 1165	6.7	1	15
1065 1162	6.7	1	15
1066 1161	6.7	1	15
1067 1160	6.7	1	15
2392 2499	6.7	1	15
2393 2498	6.7	1	15
2394 2497	6.7	1	15
2395 2496	6.7	1	15
2396 2489	6.7	1	15
2397 2488	6.7	1	15
2398 2487	6.7	1	15
2399 2486	6.7	1	15
4529 4643	6.7	1	15
4531 4641	6.7	1	15
4532 4640	6.7	1	15
4533 4639	6.7	1	15
4534 4638	6.7	1	15
4535 4637	6.7	1	15
4536 4636	6.7	1	15
4537 4635	6.7	1	15
4538 4634	6.7	1	15
4539 4631	6.7	1	15
4540 4630	6.7	1	15
4541 4629	6.7	1	15
4542 4628	6.7	1	15
4543 4627	6.7	1	15
4544 4626	6.7	1	15
4545 4625	6.7	1	15
6378 6471	13.3	2	15
6379 6470	13.3	2	15
6380 6469	13.3	2	15
6381 6468	13.3	2	15
6383 6464	26.7	4	15
6384 6463	26.7	4	15
6385 6462	26.7	4	15
6386 6461	26.7	4	15
6387 6460	13.3	2	15
6388 6459	26.7	4	15
6395 6454	6.7	1	15
6396 6453	6.7	1	15
6970 7016	6.7	1	15
7285 7358	6.7	1	15
7286 7357	6.7	1	15
7287 7356	6.7	1	15
7288 7355	6.7	1	15
7289 7354	6.7	1	15
7290 7353	6.7	1	15
7291 7352	6.7	1	15
7292 7351	6.7	1	15
7293 7350	6.7	1	15
7294 7349	6.7	1	15
7295 7348	6.7	1	15
7296 7347	6.7	1	15
7298 7345	6.7	1	15
7398 7475	6.7	1	15
7399 7474	6.7	1	15
7400 7472	6.7	1	15
7401 7471	6.7	1	15
7403 7470	6.7	1	15
7404 7469	6.7	1	15
7406 7467	6.7	1	15
7407 7466	6.7	1	15
7408 7465	6.7	1	15
7409 7464	6.7	1	15
7410 7463	6.7	1	15
7412 7460	6.7	1	15
7413 7459	6.7	1	15
7414 7458	6.7	1	15
7415 7457	6.7	1	15
7416 7456	6.7	1	15
7418 7455	6.7	1	15
7419 7454	6.7	1	15
7420 7453	6.7	1	15
7422 7449	6.7	1	15
7423 7448	6.7	1	15
7425 7446	6.7	1	15
7426 7445	6.7	1	15
7427 7444	6.7	1	15
7428 7443	6.7	1	15
7429 7442	6.7	1	15
7430 7441	6.7	1	15
7798 7884	6.7	1	15
7799 7830	6.7	1	15
7800 7829	6.7	1	15
7801 7828	6.7	1	15
7802 7827	6.7	1	15
7803 7826	6.7	1	15
7804 7825	6.7	1	15
7806 7823	6.7	1	15
7807 7822	6.7	1	15
7809 7821	6.7	1	15
7810 7820	6.7	1	15
7811 7819	6.7	1	15
7812 7818	6.7	1	15
7813 7817	6.7	1	15
7834 7879	6.7	1	15
7835 7878	6.7	1	15
7836 7877	6.7	1	15
8833 8849	6.7	1	15
8834 8848	6.7	1	15
8835 8847	6.7	1	15
8836 8846	6.7	1	15
8837 8845	6.7	1	15
8862 8910	13.3	2	15
8863 8909	13.3	2	15
8864 8908	13.3	2	15
8867 8903	13.3	2	15
8869 8901	6.7	1	15
8870 8900	6.7	1	15
8871 8899	6.7	1	15
8875 8895	6.7	1	15
8876 8894	6.7	1	15
8877 8893	6.7	1	15
8880 8890	6.7	1	15
8881 8889	6.7	1	15
8923 8934	6.7	1	15
8924 8933	6.7	1	15
9099 9132	6.7	1	15
9105 9125	6.7	1	15
9109 9120	6.7	1	15
9111 9118	6.7	1	15
9762 9797	6.7	1	15
9768 9791	6.7	1	15
9769 9789	6.7	1	15
9770 9788	6.7	1	15
9771 9787	6.7	1	15
9775 9783	6.7	1	15
9776 9782	6.7	1	15
9777 9781	6.7	1	15
9796 9898	6.7	1	15
10309 10242	6.7	1	15
10308 10243	6.7	1	15
10307 10244	6.7	1	15
10306 10245	6.7	1	15
10344 10326	20.0	3	15
10343 10327	20.0	3	15
10342 10328	20.0	3	15
10341 10329	20.0	3	15
10345 10325	20.0	3	15
10346 10324	26.7	4	15
6 21	6.7	1	15
7 20	6.7	1	15
8 19	6.7	1	15
9 18	6.7	1	15
10 17	6.7	1	15
14 34	6.7	1	15
15 33	6.7	1	15
893 931	6.7	1	15
894 930	6.7	1	15
896 928	6.7	1	15
897 927	6.7	1	15
898 926	6.7	1	15
899 925	6.7	1	15
900 924	6.7	1	15
937 1003	6.7	1	15
938 1002	6.7	1	15
939 1001	6.7	1	15
941 999	6.7	1	15
942 998	6.7	1	15
943 997	6.7	1	15
944 996	6.7	1	15
945 994	6.7	1	15
946 993	6.7	1	15
947 992	6.7	1	15
950 987	6.7	1	15
951 986	6.7	1	15
952 985	6.7	1	15
953 984	6.7	1	15
954 983	6.7	1	15
956 979	13.3	2	15
957 978	6.7	1	15
958 977	13.3	2	15
960 975	13.3	2	15
961 974	13.3	2	15
962 973	13.3	2	15
963 972	13.3	2	15
964 971	13.3	2	15
965 970	13.3	2	15
1727 1821	6.7	1	15
1728 1820	6.7	1	15
2214 2299	6.7	1	15
2215 2298	6.7	1	15
2216 2297	6.7	1	15
2217 2296	6.7	1	15
2219 2294	6.7	1	15
2226 2286	6.7	1	15
2231 2281	6.7	1	15
2237 2273	6.7	1	15
2238 2272	6.7	1	15
2240 2271	6.7	1	15
2241 2270	6.7	1	15
2242 2269	6.7	1	15
2243 2268	6.7	1	15
2244 2267	6.7	1	15
2245 2266	6.7	1	15
2246 2265	6.7	1	15
2248 2263	6.7	1	15
2249 2262	6.7	1	15
2251 2261	6.7	1	15
2252 2260	6.7	1	15
2308 2320	6.7	1	15
2309 2319	6.7	1	15
2310 2318	6.7	1	15
2311 2317	6.7	1	15
2755 2804	6.7	1	15
2881 2911	6.7	1	15
2882 2910	6.7	1	15
2883 2909	6.7	1	15
2885 2907	6.7	1	15
2886 2906	6.7	1	15
2887 2905	6.7	1	15
2889 2903	6.7	1	15
2892 2900	6.7	1	15
2893 2899	6.7	1	15
2894 2898	6.7	1	15
2912 2941	13.3	2	15
2913 2940	13.3	2	15
2914 2939	13.3	2	15
2915 2938	13.3	2	15
2916 2937	13.3	2	15
2917 2936	13.3	2	15
2918 2935	13.3	2	15
2919 2934	13.3	2	15
2968 3002	6.7	1	15
2969 3001	6.7	1	15
2982 2987	6.7	1	15
4650 4696	6.7	1	15
4651 4695	6.7	1	15
4652 4694	6.7	1	15
4653 4693	6.7	1	15
4654 4692	6.7	1	15
4655 4691	6.7	1	15
4656 4690	6.7	1	15
4657 4689	6.7	1	15
4658 4687	6.7	1	15
4705 4724	6.7	1	15
4706 4723	6.7	1	15
4707 4722	6.7	1	15
4708 4721	6.7	1	15
4709 4720	6.7	1	15
4710 4719	6.7	1	15
4711 4718	6.7	1	15
4712 4717	6.7	1	15
4828 4847	6.7	1	15
4829 4846	6.7	1	15
4830 4845	6.7	1	15
4831 4844	6.7	1	15
4832 4843	6.7	1	15
4833 4842	6.7	1	15
4834 4841	6.7	1	15
4835 4840	6.7	1	15
4848 4866	6.7	1	15
4849 4865	6.7	1	15
4850 4864	6.7	1	15
4854 4861	6.7	1	15
4855 4860	6.7	1	15
4869 4910	6.7	1	15
4870 4909	6.7	1	15
4871 4908	6.7	1	15
4872 4907	6.7	1	15
4874 4905	6.7	1	15
4875 4904	6.7	1	15
4876 4903	6.7	1	15
4879 4900	6.7	1	15
4880 4899	6.7	1	15
4883 4896	6.7	1	15
4884 4895	6.7	1	15
4885 4894	6.7	1	15
4886 4893	6.7	1	15
4924 4932	6.7	1	15
5532 5610	6.7	1	15
5533 5609	6.7	1	15
6392 6454	6.7	1	15
6394 6452	13.3	2	15
6395 6451	13.3	2	15
6396 6450	6.7	1	15
7560 7604	6.7	1	15
7562 7602	6.7	1	15
7563 7601	6.7	1	15
8339 8431	6.7	1	15
8340 8430	6.7	1	15
8341 8429	6.7	1	15
8342 8428	6.7	1	15
8344 8427	6.7	1	15
9087 9184	6.7	1	15
9088 9183	6.7	1	15
9090 9181	6.7	1	15
9091 9180	6.7	1	15
9092 9178	13.3	2	15
9093 9177	13.3	2	15
9094 9176	13.3	2	15
9095 9175	13.3	2	15
9096 9174	6.7	1	15
9097 9173	6.7	1	15
9098 9172	13.3	2	15
9099 9171	13.3	2	15
9100 9165	6.7	1	15
9101 9164	13.3	2	15
9102 9163	13.3	2	15
9103 9162	13.3	2	15
9104 9161	13.3	2	15
9105 9160	13.3	2	15
9106 9159	13.3	2	15
9108 9158	20.0	3	15
9109 9157	20.0	3	15
9110 9156	20.0	3	15
9111 9155	20.0	3	15
9112 9154	20.0	3	15
9113 9153	20.0	3	15
9122 9150	6.7	1	15
9123 9149	20.0	3	15
9124 9148	20.0	3	15
9125 9147	20.0	3	15
9126 9146	20.0	3	15
9127 9145	20.0	3	15
9128 9144	20.0	3	15
9129 9143	20.0	3	15
9130 9142	20.0	3	15
9131 9141	20.0	3	15
9132 9140	13.3	2	15
9133 9139	13.3	2	15
8 32	6.7	1	15
9 31	6.7	1	15
75 123	6.7	1	15
84 116	6.7	1	15
85 115	6.7	1	15
89 112	13.3	2	15
90 111	6.7	1	15
91 110	6.7	1	15
126 173	6.7	1	15
127 172	6.7	1	15
128 171	6.7	1	15
132 167	6.7	1	15
137 165	6.7	1	15
138 164	6.7	1	15
139 163	6.7	1	15
140 162	6.7	1	15
141 161	6.7	1	15
142 160	6.7	1	15
436 528	6.7	1	15
441 526	6.7	1	15
442 525	6.7	1	15
446 521	6.7	1	15
447 520	6.7	1	15
449 518	6.7	1	15
450 517	6.7	1	15
451 516	6.7	1	15
452 515	6.7	1	15
453 514	6.7	1	15
454 513	6.7	1	15
455 511	6.7	1	15
456 510	6.7	1	15
457 509	6.7	1	15
460 506	6.7	1	15
463 503	6.7	1	15
464 502	6.7	1	15
465 501	6.7	1	15
1116 1200	6.7	1	15
1117 1199	6.7	1	15
1118 1198	6.7	1	15
1119 1197	6.7	1	15
1120 1196	6.7	1	15
1122 1194	6.7	1	15
1124 1192	6.7	1	15
1125 1191	6.7	1	15
1127 1189	6.7	1	15
1128 1188	6.7	1	15
1129 1187	6.7	1	15
1131 1185	6.7	1	15
1140 1181	6.7	1	15
1141 1180	6.7	1	15
1142 1179	6.7	1	15
1143 1178	6.7	1	15
1144 1177	6.7	1	15
1145 1176	6.7	1	15
1149 1172	6.7	1	15
1150 1171	6.7	1	15
1151 1170	6.7	1	15
1152 1169	6.7	1	15
1153 1168	6.7	1	15
1154 1167	6.7	1	15
1772 1800	6.7	1	15
1774 1798	6.7	1	15
1775 1797	6.7	1	15
1777 1795	6.7	1	15
1778 1794	6.7	1	15
1780 1793	6.7	1	15
1781 1792	6.7	1	15
1782 1791	6.7	1	15
1808 1861	6.7	1	15
1809 1860	6.7	1	15
1810 1859	6.7	1	15
1811 1858	6.7	1	15
1812 1857	6.7	1	15
1813 1856	6.7	1	15
1814 1855	6.7	1	15
1815 1854	6.7	1	15
1820 1847	6.7	1	15
1821 1846	6.7	1	15
1824 1843	6.7	1	15
1825 1842	6.7	1	15
1826 1841	6.7	1	15
1827 1840	6.7	1	15
1828 1839	6.7	1	15
1829 1838	6.7	1	15
1830 1837	6.7	1	15
1942 1953	6.7	1	15
1943 1952	6.7	1	15
1944 1951	6.7	1	15
1962 2001	6.7	1	15
1969 2000	6.7	1	15
1970 1999	6.7	1	15
1971 1998	6.7	1	15
2173 2255	6.7	1	15
2174 2254	6.7	1	15
2175 2253	6.7	1	15
2176 2252	6.7	1	15
2177 2251	6.7	1	15
2178 2250	6.7	1	15
2179 2249	6.7	1	15
2181 2247	6.7	1	15
2182 2246	6.7	1	15
2258 2274	6.7	1	15
2259 2273	6.7	1	15
2260 2272	6.7	1	15
2261 2271	6.7	1	15
2262 2270	6.7	1	15
2263 2269	6.7	1	15
3086 3156	6.7	1	15
3087 3155	6.7	1	15
3088 3154	6.7	1	15
3089 3153	6.7	1	15
3090 3152	6.7	1	15
3091 3151	6.7	1	15
3094 3148	6.7	1	15
3095 3147	6.7	1	15
3101 3146	6.7	1	15
3102 3145	6.7	1	15
3103 3144	6.7	1	15
3104 3143	6.7	1	15
3105 3142	6.7	1	15
3106 3141	6.7	1	15
3108 3139	6.7	1	15
3109 3138	6.7	1	15
3110 3137	6.7	1	15
3111 3136	6.7	1	15
3112 3135	6.7	1	15
3113 3134	6.7	1	15
3114 3133	6.7	1	15
3115 3132	6.7	1	15
3191 3204	6.7	1	15
3192 3203	6.7	1	15
3337 3426	6.7	1	15
3338 3425	6.7	1	15
3339 3424	6.7	1	15
3340 3423	6.7	1	15
3341 3422	6.7	1	15
3344 3420	6.7	1	15
3345 3419	6.7	1	15
3346 3418	6.7	1	15
3347 3417	6.7	1	15
3348 3416	6.7	1	15
3349 3415	6.7	1	15
3350 3414	13.3	2	15
3351 3413	13.3	2	15
3352 3412	13.3	2	15
3353 3411	6.7	1	15
3360 3402	13.3	2	15
3363 3399	6.7	1	15
3364 3395	13.3	2	15
3365 3394	13.3	2	15
3366 3393	13.3	2	15
3367 3392	13.3	2	15
3368 3391	13.3	2	15
3369 3390	13.3	2	15
3370 3389	13.3	2	15
3371 3388	13.3	2	15
3373 3387	6.7	1	15
3374 3386	6.7	1	15
3375 3385	6.7	1	15
3376 3384	6.7	1	15
3438 3449	6.7	1	15
3440 3447	6.7	1	15
3441 3446	6.7	1	15
3798 3872	6.7	1	15
3799 3871	6.7	1	15
3800 3870	6.7	1	15
3801 3869	6.7	1	15
3802 3868	6.7	1	15
3803 3867	6.7	1	15
3805 3865	6.7	1	15
3806 3864	6.7	1	15
3812 3859	6.7	1	15
3813 3858	6.7	1	15
3814 3857	6.7	1	15
3816 3855	6.7	1	15
3817 3854	6.7	1	15
3818 3853	6.7	1	15
3819 3852	6.7	1	15
3820 3851	6.7	1	15
3821 3850	6.7	1	15
3822 3849	6.7	1	15
3823 3848	6.7	1	15
3824 3847	6.7	1	15
3825 3846	6.7	1	15
3826 3839	6.7	1	15
3827 3838	6.7	1	15
3828 3837	6.7	1	15
3829 3836	6.7	1	15
3830 3835	6.7	1	15
4589 4617	6.7	1	15
4590 4616	6.7	1	15
4591 4615	6.7	1	15
4594 4614	6.7	1	15
4595 4613	6.7	1	15
4596 4612	6.7	1	15
4597 4611	6.7	1	15
4598 4610	6.7	1	15
4599 4609	6.7	1	15
4600 4608	6.7	1	15
4601 4607	6.7	1	15
4619 4704	6.7	1	15
4620 4703	6.7	1	15
4621 4702	6.7	1	15
4622 4701	6.7	1	15
4625 4698	6.7	1	15
4626 4697	6.7	1	15
4627 4696	6.7	1	15
4631 4694	6.7	1	15
4632 4693	6.7	1	15
4633 4692	6.7	1	15
4634 4691	6.7	1	15
4635 4690	6.7	1	15
4637 4687	6.7	1	15
4638 4686	6.7	1	15
4639 4685	6.7	1	15
4640 4684	6.7	1	15
4642 4682	6.7	1	15
4643 4681	6.7	1	15
4645 4680	6.7	1	15
4646 4679	6.7	1	15
4647 4678	6.7	1	15
4648 4677	6.7	1	15
4649 4676	6.7	1	15
4650 4675	6.7	1	15
4651 4672	6.7	1	15
4652 4671	6.7	1	15
4653 4670	6.7	1	15
4654 4669	6.7	1	15
4974 4989	6.7	1	15
4975 4988	6.7	1	15
4976 4987	6.7	1	15
4977 4986	6.7	1	15
5007 5020	6.7	1	15
5008 5019	13.3	2	15
5009 5018	13.3	2	15
5010 5017	13.3	2	15
5011 5016	13.3	2	15
5022 5050	6.7	1	15
5023 5049	6.7	1	15
5024 5048	6.7	1	15
5025 5047	6.7	1	15
5026 5040	6.7	1	15
5027 5039	6.7	1	15
5028 5038	6.7	1	15
5029 5037	6.7	1	15
5030 5036	6.7	1	15
5031 5035	6.7	1	15
5057 5091	6.7	1	15
5058 5090	6.7	1	15
5059 5089	6.7	1	15
5060 5088	6.7	1	15
5061 5087	6.7	1	15
5062 5086	6.7	1	15
5063 5085	6.7	1	15
5064 5084	6.7	1	15
5065 5083	6.7	1	15
5067 5082	6.7	1	15
5068 5081	6.7	1	15
5069 5079	6.7	1	15
5070 5078	6.7	1	15
5071 5077	6.7	1	15
5072 5076	6.7	1	15
5111 5131	6.7	1	15
5112 5130	6.7	1	15
5114 5128	6.7	1	15
5117 5124	6.7	1	15
5531 5619	6.7	1	15
5532 5618	6.7	1	15
7552 7591	6.7	1	15
7553 7590	6.7	1	15
7554 7589	6.7	1	15
7555 7588	6.7	1	15
7556 7587	6.7	1	15
7557 7586	6.7	1	15
7558 7585	6.7	1	15
7559 7584	6.7	1	15
7563 7583	6.7	1	15
7564 7582	6.7	1	15
7592 7638	6.7	1	15
7593 7637	6.7	1	15
7594 7636	6.7	1	15
7595 7632	6.7	1	15
7596 7631	6.7	1	15
7597 7630	6.7	1	15
7599 7628	6.7	1	15
7601 7626	6.7	1	15
7602 7625	6.7	1	15
7603 7624	6.7	1	15
7604 7623	6.7	1	15
7605 7622	6.7	1	15
7606 7621	6.7	1	15
7607 7620	6.7	1	15
7608 7619	6.7	1	15
7718 7811	6.7	1	15
7719 7810	6.7	1	15
7720 7809	6.7	1	15
7721 7808	6.7	1	15
7722 7807	6.7	1	15
7723 7806	6.7	1	15
8558 8620	6.7	1	15
9709 9812	6.7	1	15
9710 9811	6.7	1	15
9711 9810	6.7	1	15
9712 9809	6.7	1	15
9713 9808	6.7	1	15
9714 9807	6.7	1	15
9715 9806	6.7	1	15
9716 9805	6.7	1	15
9717 9804	6.7	1	15
9718 9803	6.7	1	15
9719 9802	6.7	1	15
9720 9738	6.7	1	15
9721 9737	6.7	1	15
9722 9736	6.7	1	15
9723 9735	6.7	1	15
9724 9734	6.7	1	15
9725 9733	6.7	1	15
9726 9732	6.7	1	15
9739 9765	6.7	1	15
9740 9764	6.7	1	15
9741 9763	6.7	1	15
9742 9762	6.7	1	15
9743 9761	6.7	1	15
9744 9760	6.7	1	15
9746 9758	6.7	1	15
9747 9757	6.7	1	15
9748 9756	6.7	1	15
9749 9755	6.7	1	15
9766 9801	6.7	1	15
9767 9800	6.7	1	15
9769 9799	6.7	1	15
9770 9798	6.7	1	15
9771 9797	6.7	1	15
9772 9796	6.7	1	15
9774 9795	6.7	1	15
9775 9794	6.7	1	15
9776 9793	6.7	1	15
9777 9792	6.7	1	15
9778 9789	6.7	1	15
9779 9788	6.7	1	15
9780 9787	6.7	1	15
8 68	6.7	1	15
12 66	6.7	1	15
18 27	13.3	2	15
19 26	13.3	2	15
20 25	13.3	2	15
31 44	6.7	1	15
32 43	6.7	1	15
33 42	6.7	1	15
34 41	6.7	1	15
676 777	6.7	1	15
677 776	6.7	1	15
678 775	6.7	1	15
679 774	6.7	1	15
687 770	6.7	1	15
688 769	6.7	1	15
691 768	6.7	1	15
692 767	6.7	1	15
693 766	6.7	1	15
694 765	6.7	1	15
695 764	6.7	1	15
696 763	6.7	1	15
697 762	6.7	1	15
698 761	6.7	1	15
699 760	6.7	1	15
700 759	6.7	1	15
703 758	6.7	1	15
704 757	6.7	1	15
705 756	6.7	1	15
706 755	6.7	1	15
707 754	6.7	1	15
710 740	6.7	1	15
711 739	6.7	1	15
712 738	6.7	1	15
713 737	6.7	1	15
714 736	6.7	1	15
715 735	6.7	1	15
716 734	6.7	1	15
717 733	6.7	1	15
718 732	6.7	1	15
719 731	6.7	1	15
720 730	6.7	1	15
721 729	6.7	1	15
1287 1310	6.7	1	15
1288 1309	6.7	1	15
1289 1308	6.7	1	15
1290 1307	6.7	1	15
1291 1306	6.7	1	15
1292 1305	6.7	1	15
1294 1303	6.7	1	15
1295 1302	6.7	1	15
1296 1301	6.7	1	15
1313 1331	6.7	1	15
1314 1330	6.7	1	15
1317 1329	6.7	1	15
1318 1328	6.7	1	15
1319 1327	6.7	1	15
1320 1326	6.7	1	15
1972 2077	6.7	1	15
1973 2076	6.7	1	15
1975 2074	6.7	1	15
1976 2073	6.7	1	15
1977 2072	6.7	1	15
1978 2071	6.7	1	15
1979 2070	6.7	1	15
1980 2069	6.7	1	15
1986 2064	6.7	1	15
1987 2063	13.3	2	15
1988 2062	13.3	2	15
1989 2061	13.3	2	15
1990 2060	6.7	1	15
1992 2058	13.3	2	15
1993 2057	6.7	1	15
1994 2056	6.7	1	15
1995 2055	6.7	1	15
1996 2054	6.7	1	15
1997 2053	6.7	1	15
1998 2052	6.7	1	15
2000 2049	6.7	1	15
2001 2048	6.7	1	15
2002 2047	6.7	1	15
2003 2046	6.7	1	15
2004 2045	6.7	1	15
2014 2044	6.7	1	15
2015 2043	6.7	1	15
2016 2042	6.7	1	15
2019 2039	6.7	1	15
2020 2038	6.7	1	15
2022 2036	6.7	1	15
2023 2035	6.7	1	15
2024 2034	6.7	1	15
2025 2033	6.7	1	15
2172 2227	6.7	1	15
2173 2226	6.7	1	15
2174 2225	6.7	1	15
2175 2224	6.7	1	15
2179 2223	6.7	1	15
2180 2222	6.7	1	15
2181 2221	6.7	1	15
2183 2220	6.7	1	15
2184 2219	6.7	1	15
2186 2217	6.7	1	15
2187 2216	6.7	1	15
2188 2215	6.7	1	15
2189 2214	6.7	1	15
2190 2213	6.7	1	15
2191 2212	6.7	1	15
2192 2211	6.7	1	15
2193 2210	6.7	1	15
2194 2209	6.7	1	15
2195 2208	6.7	1	15
2197 2207	6.7	1	15
2199 2205	6.7	1	15
2200 2204	6.7	1	15
3354 3408	6.7	1	15
3363 3396	6.7	1	15
3372 3387	6.7	1	15
3374 3385	6.7	1	15
3417 3453	6.7	1	15
3420 3450	6.7	1	15
3421 3449	6.7	1	15
3422 3448	6.7	1	15
3423 3447	6.7	1	15
3424 3446	6.7	1	15
3425 3445	6.7	1	15
3426 3444	6.7	1	15
3427 3443	6.7	1	15
3428 3442	6.7	1	15
3429 3441	6.7	1	15
3430 3440	6.7	1	15
3431 3439	6.7	1	15
3544 3608	6.7	1	15
3545 3607	6.7	1	15
3546 3606	6.7	1	15
3547 3605	6.7	1	15
3548 3604	6.7	1	15
3549 3603	6.7	1	15
3550 3601	6.7	1	15
3551 3600	6.7	1	15
3555 3595	6.7	1	15
3556 3594	6.7	1	15
3557 3593	6.7	1	15
3558 3592	6.7	1	15
3559 3591	6.7	1	15
3560 3590	6.7	1	15
3561 3589	6.7	1	15
3562 3588	6.7	1	15
3563 3587	6.7	1	15
3564 3586	6.7	1	15
3565 3585	6.7	1	15
3567 3584	6.7	1	15
3568 3583	6.7	1	15
3570 3581	6.7	1	15
3571 3580	6.7	1	15
3572 3579	6.7	1	15
3573 3578	6.7	1	15
4871 4965	6.7	1	15
4876 4961	6.7	1	15
4877 4960	6.7	1	15
4878 4959	6.7	1	15
4879 4958	6.7	1	15
4880 4957	6.7	1	15
4882 4955	6.7	1	15
4883 4954	6.7	1	15
4884 4953	6.7	1	15
4885 4951	6.7	1	15
4886 4950	6.7	1	15
4887 4949	6.7	1	15
4888 4948	6.7	1	15
4889 4947	6.7	1	15
4893 4930	6.7	1	15
4894 4929	6.7	1	15
4895 4928	6.7	1	15
4896 4926	6.7	1	15
4897 4925	6.7	1	15
4898 4924	6.7	1	15
4899 4923	6.7	1	15
4902 4920	6.7	1	15
4903 4919	6.7	1	15
4904 4918	6.7	1	15
4905 4917	6.7	1	15
4906 4916	6.7	1	15
4907 4915	6.7	1	15
4908 4914	6.7	1	15
7577 7673	6.7	1	15
7578 7672	6.7	1	15
7579 7671	6.7	1	15
7580 7670	6.7	1	15
7581 7669	6.7	1	15
7582 7668	6.7	1	15
7583 7667	6.7	1	15
7584 7666	6.7	1	15
7585 7665	6.7	1	15
7586 7660	6.7	1	15
7587 7659	6.7	1	15
7588 7658	6.7	1	15
7589 7657	6.7	1	15
7590 7656	6.7	1	15
7676 7687	6.7	1	15
7677 7686	6.7	1	15
7678 7685	6.7	1	15
7679 7684	6.7	1	15
8395 8423	6.7	1	15
8396 8422	6.7	1	15
8397 8421	6.7	1	15
8398 8420	6.7	1	15
8399 8419	6.7	1	15
8400 8418	6.7	1	15
8402 8417	6.7	1	15
8404 8415	6.7	1	15
8405 8414	6.7	1	15
8406 8413	6.7	1	15
8425 8512	6.7	1	15
8426 8511	6.7	1	15
8427 8510	6.7	1	15
8428 8509	6.7	1	15
8429 8508	6.7	1	15
8430 8506	6.7	1	15
8431 8505	6.7	1	15
8432 8504	6.7	1	15
8433 8503	6.7	1	15
8434 8502	6.7	1	15
8435 8501	6.7	1	15
8436 8500	6.7	1	15
8437 8499	6.7	1	15
8438 8498	6.7	1	15
8439 8497	6.7	1	15
8440 8496	6.7	1	15
8441 8494	6.7	1	15
8448 8490	6.7	1	15
8449 8489	6.7	1	15
8450 8488	6.7	1	15
8451 8487	6.7	1	15
8452 8486	6.7	1	15
8453 8485	6.7	1	15
8454 8484	6.7	1	15
8471 8483	6.7	1	15
8472 8482	6.7	1	15
8473 8481	6.7	1	15
8474 8480	6.7	1	15
8520 8534	6.7	1	15
8521 8533	6.7	1	15
8522 8532	6.7	1	15
8523 8531	6.7	1	15
10149 10207	6.7	1	15
10150 10206	6.7	1	15
10151 10205	6.7	1	15
10152 10204	6.7	1	15
10153 10203	6.7	1	15
10154 10202	6.7	1	15
10156 10200	6.7	1	15
10158 10199	6.7	1	15
10159 10198	6.7	1	15
10160 10197	6.7	1	15
10161 10196	6.7	1	15
10162 10195	6.7	1	15
10163 10194	6.7	1	15
10164 10193	6.7	1	15
10165 10192	6.7	1	15
10169 10184	6.7	1	15
10170 10183	6.7	1	15
10171 10182	6.7	1	15
10172 10181	6.7	1	15
10173 10180	6.7	1	15
10174 10179	6.7	1	15
6 12	6.7	1	15
14 31	6.7	1	15
17 28	6.7	1	15
34 69	6.7	1	15
86 113	6.7	1	15
87 112	6.7	1	15
623 737	6.7	1	15
624 736	6.7	1	15
625 735	6.7	1	15
626 734	6.7	1	15
1930 1986	6.7	1	15
1933 1982	6.7	1	15
1934 1981	6.7	1	15
1935 1980	6.7	1	15
1936 1979	6.7	1	15
1938 1977	6.7	1	15
1939 1976	6.7	1	15
1940 1975	6.7	1	15
1941 1974	6.7	1	15
1944 1971	6.7	1	15
1945 1970	6.7	1	15
1946 1969	6.7	1	15
1947 1962	6.7	1	15
1994 2004	6.7	1	15
1996 2002	6.7	1	15
2007 2023	6.7	1	15
2010 2020	6.7	1	15
2011 2019	6.7	1	15
2012 2018	6.7	1	15
2025 2047	6.7	1	15
2026 2046	6.7	1	15
2027 2045	6.7	1	15
2028 2044	6.7	1	15
2029 2043	6.7	1	15
2030 2042	6.7	1	15
2031 2041	6.7	1	15
2181 2223	6.7	1	15
2182 2222	6.7	1	15
2183 2221	6.7	1	15
2184 2220	6.7	1	15
2186 2219	6.7	1	15
2187 2218	6.7	1	15
2188 2217	6.7	1	15
2189 2216	6.7	1	15
2190 2215	6.7	1	15
2191 2214	6.7	1	15
2192 2213	6.7	1	15
2193 2212	6.7	1	15
2194 2211	6.7	1	15
2195 2210	6.7	1	15
2196 2209	6.7	1	15
2197 2208	6.7	1	15
2198 2207	6.7	1	15
2224 2243	6.7	1	15
2225 2242	6.7	1	15
2228 2239	6.7	1	15
2229 2238	6.7	1	15
2230 2237	6.7	1	15
2231 2236	6.7	1	15
2247 2257	6.7	1	15
2248 2256	6.7	1	15
2249 2255	6.7	1	15
2250 2254	6.7	1	15
2902 2950	6.7	1	15
2903 2949	6.7	1	15
2906 2946	6.7	1	15
2907 2945	6.7	1	15
2909 2944	6.7	1	15
2910 2943	6.7	1	15
2920 2933	6.7	1	15
2921 2932	6.7	1	15
2922 2931	6.7	1	15
3007 3098	6.7	1	15
3008 3097	6.7	1	15
3552 3628	6.7	1	15
3553 3627	6.7	1	15
3558 3606	6.7	1	15
3559 3605	6.7	1	15
3560 3604	6.7	1	15
3759 3875	6.7	1	15
3760 3874	6.7	1	15
4788 4841	6.7	1	15
4789 4840	6.7	1	15
4790 4839	6.7	1	15
4791 4838	6.7	1	15
4792 4837	6.7	1	15
4793 4836	6.7	1	15
4794 4835	6.7	1	15
4795 4834	6.7	1	15
4796 4833	6.7	1	15
4797 4832	6.7	1	15
4798 4831	6.7	1	15
4800 4827	6.7	1	15
4801 4826	6.7	1	15
4802 4825	6.7	1	15
4803 4824	6.7	1	15
4804 4823	6.7	1	15
4808 4819	6.7	1	15
4809 4818	6.7	1	15
4810 4817	6.7	1	15
6090 6105	6.7	1	15
6091 6104	6.7	1	15
6092 6103	6.7	1	15
6093 6102	6.7	1	15
6094 6101	6.7	1	15
6372 6477	6.7	1	15
6373 6476	6.7	1	15
6374 6475	6.7	1	15
6375 6474	6.7	1	15
6376 6473	6.7	1	15
6377 6472	6.7	1	15
6382 6467	6.7	1	15
6390 6456	6.7	1	15
6391 6454	6.7	1	15
6392 6453	6.7	1	15
6403 6444	6.7	1	15
6404 6443	6.7	1	15
6405 6442	6.7	1	15
6406 6441	6.7	1	15
6407 6440	6.7	1	15
6408 6439	6.7	1	15
6412 6438	6.7	1	15
6413 6437	6.7	1	15
6414 6436	6.7	1	15
7802 7872	6.7	1	15
7803 7871	6.7	1	15
7804 7870	6.7	1	15
7805 7869	6.7	1	15
7806 7868	6.7	1	15
7808 7866	6.7	1	15
7809 7865	6.7	1	15
7811 7863	6.7	1	15
7812 7862	6.7	1	15
7817 7859	6.7	1	15
7818 7858	6.7	1	15
7819 7857	6.7	1	15
7820 7856	6.7	1	15
7821 7855	6.7	1	15
7822 7854	6.7	1	15
7826 7853	6.7	1	15
7827 7852	6.7	1	15
7828 7851	6.7	1	15
7829 7850	6.7	1	15
7830 7849	6.7	1	15
7831 7848	6.7	1	15
7834 7845	6.7	1	15
7835 7844	6.7	1	15
7836 7843	6.7	1	15
7837 7842	6.7	1	15
8156 8244	6.7	1	15
8157 8243	6.7	1	15
8158 8242	6.7	1	15
8159 8241	6.7	1	15
8160 8240	6.7	1	15
8161 8239	6.7	1	15
8162 8238	6.7	1	15
8163 8237	6.7	1	15
8164 8236	6.7	1	15
8165 8235	6.7	1	15
8166 8234	6.7	1	15
8167 8233	6.7	1	15
8169 8232	6.7	1	15
8170 8231	6.7	1	15
8171 8230	6.7	1	15
8173 8227	6.7	1	15
8174 8226	6.7	1	15
8175 8225	6.7	1	15
8176 8224	6.7	1	15
8181 8219	6.7	1	15
8182 8218	6.7	1	15
8183 8217	6.7	1	15
8184 8216	6.7	1	15
8185 8215	6.7	1	15
8980 9006	6.7	1	15
8981 9005	6.7	1	15
8982 9004	6.7	1	15
8983 9003	6.7	1	15
8984 9002	6.7	1	15
8988 9000	6.7	1	15
8989 8999	6.7	1	15
8990 8998	6.7	1	15
8991 8997	6.7	1	15
8992 8996	6.7	1	15
9097 9105	13.3	2	15
9098 9104	13.3	2	15
9099 9103	13.3	2	15
9114 9152	6.7	1	15
9133 9140	6.7	1	15
9134 9139	6.7	1	15
9953 9998	6.7	1	15
9955 9997	6.7	1	15
9956 9996	6.7	1	15
9959 9993	6.7	1	15
9962 9991	6.7	1	15
9963 9990	6.7	1	15
9964 9989	6.7	1	15
9965 9988	6.7	1	15
9966 9987	6.7	1	15
9968 9985	6.7	1	15
9969 9984	6.7	1	15
9970 9983	6.7	1	15
9971 9982	6.7	1	15
9972 9981	6.7	1	15
3 27	20.0	3	15
4 26	13.3	2	15
5 25	13.3	2	15
6 24	13.3	2	15
28 63	26.7	4	15
29 62	26.7	4	15
30 61	26.7	4	15
31 60	20.0	3	15
32 59	20.0	3	15
40 53	20.0	3	15
41 52	20.0	3	15
42 51	20.0	3	15
43 50	20.0	3	15
44 49	20.0	3	15
89 110	6.7	1	15
90 109	6.7	1	15
91 108	6.7	1	15
92 107	13.3	2	15
93 106	13.3	2	15
94 105	13.3	2	15
95 104	13.3	2	15
456 506	6.7	1	15
457 505	6.7	1	15
458 504	6.7	1	15
459 503	6.7	1	15
461 501	6.7	1	15
462 500	6.7	1	15
463 499	6.7	1	15
464 498	6.7	1	15
465 497	6.7	1	15
466 496	6.7	1	15
467 495	6.7	1	15
472 490	6.7	1	15
959 976	6.7	1	15
985 1072	6.7	1	15
986 1071	6.7	1	15
987 1070	6.7	1	15
991 1057	6.7	1	15
992 1056	6.7	1	15
993 1055	6.7	1	15
998 1040	6.7	1	15
999 1039	6.7	1	15
1000 1038	6.7	1	15
1001 1037	6.7	1	15
1002 1036	6.7	1	15
1003 1034	6.7	1	15
1004 1033	6.7	1	15
1005 1032	6.7	1	15
1009 1028	6.7	1	15
1010 1027	6.7	1	15
1012 1025	6.7	1	15
1015 1022	6.7	1	15
1142 1218	6.7	1	15
1146 1213	6.7	1	15
1147 1212	6.7	1	15
1148 1211	6.7	1	15
1149 1210	6.7	1	15
1152 1207	6.7	1	15
1153 1206	6.7	1	15
1154 1205	6.7	1	15
1156 1204	6.7	1	15
1157 1203	6.7	1	15
1159 1201	6.7	1	15
1160 1200	6.7	1	15
1161 1199	6.7	1	15
1164 1198	6.7	1	15
1165 1197	6.7	1	15
1166 1196	6.7	1	15
1167 1195	6.7	1	15
1168 1194	6.7	1	15
1169 1193	6.7	1	15
1170 1192	6.7	1	15
1171 1191	6.7	1	15
1220 1239	6.7	1	15
1221 1238	6.7	1	15
1222 1237	6.7	1	15
1223 1236	6.7	1	15
1224 1235	6.7	1	15
1225 1234	6.7	1	15
1226 1233	6.7	1	15
1227 1232	6.7	1	15
1245 1320	6.7	1	15
1249 1316	6.7	1	15
1250 1315	6.7	1	15
1251 1314	6.7	1	15
1252 1313	6.7	1	15
1255 1310	6.7	1	15
1259 1307	6.7	1	15
1260 1306	6.7	1	15
1268 1305	6.7	1	15
1269 1304	6.7	1	15
1270 1303	6.7	1	15
1271 1301	6.7	1	15
1272 1300	6.7	1	15
1273 1299	6.7	1	15
1274 1298	6.7	1	15
1591 1679	6.7	1	15
1592 1678	6.7	1	15
1593 1677	6.7	1	15
1594 1676	6.7	1	15
1595 1675	6.7	1	15
1596 1651	6.7	1	15
1597 1650	6.7	1	15
1598 1649	6.7	1	15
1599 1648	6.7	1	15
1600 1647	6.7	1	15
1601 1645	6.7	1	15
1602 1644	6.7	1	15
1603 1643	6.7	1	15
1604 1642	6.7	1	15
1605 1641	6.7	1	15
1607 1638	6.7	1	15
1608 1637	6.7	1	15
1610 1634	6.7	1	15
1611 1633	6.7	1	15
1612 1632	6.7	1	15
1613 1631	6.7	1	15
1616 1628	6.7	1	15
1617 1627	6.7	1	15
1618 1626	6.7	1	15
1619 1625	6.7	1	15
1653 1668	6.7	1	15
1654 1667	6.7	1	15
1655 1666	6.7	1	15
1656 1665	6.7	1	15
1657 1664	6.7	1	15
1658 1663	6.7	1	15
2645 2736	6.7	1	15
2646 2735	6.7	1	15
2649 2732	6.7	1	15
2650 2731	6.7	1	15
2651 2730	6.7	1	15
2652 2729	6.7	1	15
2896 2943	6.7	1	15
2897 2942	6.7	1	15
2931 2941	6.7	1	15
2932 2940	6.7	1	15
2933 2939	6.7	1	15
3434 3441	6.7	1	15
3435 3440	6.7	1	15
3751 3833	6.7	1	15
3752 3832	6.7	1	15
3753 3831	6.7	1	15
3755 3829	6.7	1	15
3756 3828	6.7	1	15
3757 3827	6.7	1	15
3758 3826	6.7	1	15
3759 3825	6.7	1	15
3760 3824	6.7	1	15
3761 3823	6.7	1	15
3762 3822	6.7	1	15
4032 4104	6.7	1	15
4033 4103	6.7	1	15
4034 4102	6.7	1	15
4035 4101	6.7	1	15
4036 4100	6.7	1	15
4038 4065	6.7	1	15
6091 6194	6.7	1	15
6092 6193	6.7	1	15
6094 6191	6.7	1	15
6095 6190	6.7	1	15
6096 6189	6.7	1	15
6100 6186	6.7	1	15
6101 6185	6.7	1	15
6102 6184	6.7	1	15
6103 6183	6.7	1	15
6104 6182	6.7	1	15
6893 6928	6.7	1	15
6894 6927	6.7	1	15
6895 6926	6.7	1	15
6896 6925	6.7	1	15
6897 6924	6.7	1	15
6898 6923	6.7	1	15
7281 7339	6.7	1	15
7282 7338	6.7	1	15
7285 7334	6.7	1	15
7286 7333	6.7	1	15
7287 7332	6.7	1	15
7288 7331	6.7	1	15
7289 7330	6.7	1	15
7290 7329	6.7	1	15
7291 7328	6.7	1	15
7292 7327	6.7	1	15
7293 7326	6.7	1	15
7294 7325	6.7	1	15
7295 7324	6.7	1	15
7296 7323	6.7	1	15
7297 7319	6.7	1	15
7298 7318	6.7	1	15
7299 7317	6.7	1	15
7300 7316	6.7	1	15
7301 7315	6.7	1	15
7302 7314	6.7	1	15
7303 7313	6.7	1	15
8487 8500	6.7	1	15
8488 8499	6.7	1	15
8489 8498	6.7	1	15
8490 8497	6.7	1	15
8503 8528	6.7	1	15
8504 8527	6.7	1	15
8505 8526	6.7	1	15
8506 8525	6.7	1	15
8507 8524	6.7	1	15
8508 8523	6.7	1	15
8509 8522	6.7	1	15
8510 8521	6.7	1	15
8511 8520	6.7	1	15
8512 8519	6.7	1	15
8513 8518	6.7	1	15
8529 8559	6.7	1	15
8530 8558	6.7	1	15
8532 8557	6.7	1	15
8533 8556	6.7	1	15
8534 8555	6.7	1	15
8535 8553	6.7	1	15
8536 8552	6.7	1	15
9046 9082	6.7	1	15
9047 9081	13.3	2	15
9050 9078	6.7	1	15
9051 9077	13.3	2	15
9053 9075	6.7	1	15
9054 9074	6.7	1	15
9055 9073	13.3	2	15
9056 9072	13.3	2	15
9057 9071	13.3	2	15
9058 9070	13.3	2	15
9059 9069	13.3	2	15
9060 9068	13.3	2	15
9061 9067	13.3	2	15
9062 9066	13.3	2	15
9330 9363	6.7	1	15
9331 9362	6.7	1	15
9332 9361	6.7	1	15
9333 9360	6.7	1	15
9334 9358	6.7	1	15
9335 9357	6.7	1	15
9337 9355	6.7	1	15
9338 9354	6.7	1	15
9339 9353	6.7	1	15
9341 9352	6.7	1	15
9342 9351	6.7	1	15
9343 9350	6.7	1	15
9344 9349	6.7	1	15
9373 9407	6.7	1	15
9375 9405	6.7	1	15
9376 9404	6.7	1	15
9377 9403	6.7	1	15
9378 9402	6.7	1	15
9380 9399	6.7	1	15
9381 9398	6.7	1	15
9382 9397	6.7	1	15
9383 9396	6.7	1	15
9384 9395	6.7	1	15
9385 9394	6.7	1	15
9386 9393	6.7	1	15
10339 10253	6.7	1	15
10338 10254	6.7	1	15
10337 10255	6.7	1	15
10336 10256	6.7	1	15
10332 10257	6.7	1	15
10331 10258	6.7	1	15
10330 10302	6.7	1	15
10329 10303	6.7	1	15
10328 10304	6.7	1	15
10327 10305	6.7	1	15
10326 10306	6.7	1	15
10325 10307	6.7	1	15
10324 10308	6.7	1	15
10323 10309	6.7	1	15
10322 10310	6.7	1	15
10321 10311	6.7	1	15
10320 10312	6.7	1	15
10319 10313	6.7	1	15
74 172	6.7	1	15
9 75	6.7	1	15
79 167	6.7	1	15
7 80	6.7	1	15
5 82	6.7	1	15
4 83	6.7	1	15
121 161	6.7	1	15
122 160	13.3	2	15
835 924	6.7	1	15
836 922	6.7	1	15
837 921	6.7	1	15
838 920	6.7	1	15
839 919	6.7	1	15
841 917	6.7	1	15
842 916	6.7	1	15
844 915	6.7	1	15
845 914	6.7	1	15
846 913	6.7	1	15
847 912	6.7	1	15
848 911	6.7	1	15
852 910	6.7	1	15
853 909	6.7	1	15
854 908	6.7	1	15
855 907	6.7	1	15
856 906	6.7	1	15
857 905	6.7	1	15
860 903	6.7	1	15
861 902	6.7	1	15
862 901	6.7	1	15
863 900	6.7	1	15
865 899	6.7	1	15
866 898	6.7	1	15
867 897	6.7	1	15
868 896	6.7	1	15
2964 3060	6.7	1	15
2965 3059	6.7	1	15
2966 3058	6.7	1	15
2969 3055	6.7	1	15
2970 3054	6.7	1	15
2971 3053	6.7	1	15
2972 3052	6.7	1	15
2973 3051	6.7	1	15
2980 3048	6.7	1	15
3997 4083	6.7	1	15
3998 4082	6.7	1	15
3999 4081	6.7	1	15
4000 4080	6.7	1	15
4001 4079	6.7	1	15
4007 4074	6.7	1	15
4008 4073	6.7	1	15
4009 4072	6.7	1	15
4011 4070	6.7	1	15
4016 4068	6.7	1	15
4017 4067	6.7	1	15
4018 4066	6.7	1	15
4019 4065	6.7	1	15
4020 4064	6.7	1	15
4021 4063	6.7	1	15
4023 4061	6.7	1	15
4024 4060	6.7	1	15
4025 4059	6.7	1	15
4026 4058	6.7	1	15
4027 4057	6.7	1	15
4028 4056	6.7	1	15
4029 4055	6.7	1	15
4031 4054	6.7	1	15
4032 4053	6.7	1	15
4033 4052	6.7	1	15
4035 4048	6.7	1	15
4036 4047	6.7	1	15
4037 4046	6.7	1	15
4038 4045	6.7	1	15
4477 4575	6.7	1	15
4478 4574	6.7	1	15
4479 4573	6.7	1	15
4480 4572	6.7	1	15
4481 4571	6.7	1	15
5111 5212	6.7	1	15
5112 5211	6.7	1	15
5114 5209	6.7	1	15
5115 5208	6.7	1	15
5116 5207	6.7	1	15
5117 5206	6.7	1	15
5118 5205	6.7	1	15
5119 5204	6.7	1	15
5120 5203	6.7	1	15
5121 5202	6.7	1	15
5123 5200	6.7	1	15
5124 5190	6.7	1	15
5125 5189	6.7	1	15
7193 7300	6.7	1	15
7206 7287	6.7	1	15
7207 7286	6.7	1	15
7209 7284	6.7	1	15
7210 7283	6.7	1	15
7211 7282	6.7	1	15
7212 7281	6.7	1	15
7213 7280	6.7	1	15
7214 7279	6.7	1	15
7218 7278	6.7	1	15
7219 7277	6.7	1	15
7220 7276	6.7	1	15
7221 7275	6.7	1	15
7222 7274	6.7	1	15
7224 7273	6.7	1	15
7225 7272	6.7	1	15
7226 7271	6.7	1	15
7227 7270	6.7	1	15
7228 7269	6.7	1	15
7229 7268	6.7	1	15
7230 7267	6.7	1	15
7231 7266	6.7	1	15
7232 7265	6.7	1	15
7233 7264	6.7	1	15
7234 7262	6.7	1	15
8081 8106	6.7	1	15
8082 8105	6.7	1	15
8779 8886	6.7	1	15
8780 8885	6.7	1	15
8781 8884	6.7	1	15
8782 8883	6.7	1	15
8783 8882	6.7	1	15
8784 8881	6.7	1	15
8785 8880	6.7	1	15
8787 8878	6.7	1	15
8788 8877	6.7	1	15
8789 8876	6.7	1	15
9094 9137	6.7	1	15
9578 9593	6.7	1	15
9582 9589	6.7	1	15
9743 9772	6.7	1	15
9744 9771	6.7	1	15
9745 9770	6.7	1	15
9746 9769	6.7	1	15
9747 9768	6.7	1	15
9748 9767	6.7	1	15
9749 9766	6.7	1	15
9750 9765	6.7	1	15
9752 9763	6.7	1	15
9753 9762	6.7	1	15
9754 9761	6.7	1	15
9774 9848	6.7	1	15
9775 9847	6.7	1	15
9776 9846	6.7	1	15
9777 9845	6.7	1	15
9778 9844	6.7	1	15
9779 9842	6.7	1	15
9780 9841	6.7	1	15
9782 9839	6.7	1	15
9783 9838	6.7	1	15
9784 9837	6.7	1	15
9785 9836	6.7	1	15
9786 9835	6.7	1	15
9787 9834	6.7	1	15
9788 9833	6.7	1	15
9789 9832	6.7	1	15
9791 9830	6.7	1	15
9792 9829	6.7	1	15
9798 9823	6.7	1	15
9799 9822	6.7	1	15
9801 9820	6.7	1	15
9802 9819	6.7	1	15
9803 9818	6.7	1	15
9805 9817	6.7	1	15
9806 9816	6.7	1	15
9807 9815	6.7	1	15
9808 9814	6.7	1	15
32 71	6.7	1	15
86 112	13.3	2	15
87 111	13.3	2	15
88 110	13.3	2	15
1531 1612	6.7	1	15
1532 1611	6.7	1	15
1533 1610	6.7	1	15
1538 1602	6.7	1	15
1539 1601	6.7	1	15
1540 1600	6.7	1	15
1541 1599	6.7	1	15
1542 1598	6.7	1	15
1543 1597	6.7	1	15
1544 1596	6.7	1	15
1546 1595	6.7	1	15
1547 1594	6.7	1	15
1548 1593	6.7	1	15
1549 1592	6.7	1	15
1768 1781	6.7	1	15
1772 1778	6.7	1	15
1773 1777	6.7	1	15
3388 3500	6.7	1	15
3389 3499	6.7	1	15
3678 3726	6.7	1	15
3679 3725	6.7	1	15
3682 3722	6.7	1	15
3683 3721	6.7	1	15
3684 3720	6.7	1	15
3685 3719	6.7	1	15
3686 3718	6.7	1	15
3687 3717	6.7	1	15
3688 3716	6.7	1	15
3689 3715	6.7	1	15
3690 3714	6.7	1	15
3691 3713	6.7	1	15
3692 3712	6.7	1	15
3693 3708	6.7	1	15
3694 3707	6.7	1	15
3695 3706	6.7	1	15
3696 3705	6.7	1	15
3697 3704	6.7	1	15
3698 3703	6.7	1	15
3735 3744	6.7	1	15
3736 3743	6.7	1	15
3737 3742	6.7	1	15
4674 4770	6.7	1	15
4675 4769	6.7	1	15
4676 4768	6.7	1	15
4677 4767	6.7	1	15
4679 4765	6.7	1	15
6234 6288	6.7	1	15
6235 6287	6.7	1	15
6236 6286	6.7	1	15
6237 6285	6.7	1	15
6238 6284	6.7	1	15
7407 7442	6.7	1	15
7408 7441	6.7	1	15
7409 7440	6.7	1	15
7410 7439	6.7	1	15
7411 7438	6.7	1	15
7412 7437	6.7	1	15
7413 7436	6.7	1	15
7415 7432	6.7	1	15
7416 7431	6.7	1	15
7417 7430	6.7	1	15
7418 7429	6.7	1	15
7419 7428	6.7	1	15
7421 7426	6.7	1	15
7443 7461	6.7	1	15
7444 7460	6.7	1	15
7445 7459	6.7	1	15
7446 7458	6.7	1	15
7447 7457	6.7	1	15
7448 7456	6.7	1	15
7449 7455	6.7	1	15
7467 7490	6.7	1	15
7472 7485	6.7	1	15
7473 7484	6.7	1	15
7474 7483	6.7	1	15
7475 7482	6.7	1	15
7476 7481	6.7	1	15
7491 7554	6.7	1	15
7492 7553	6.7	1	15
7493 7552	6.7	1	15
7494 7551	6.7	1	15
7498 7550	6.7	1	15
7499 7549	6.7	1	15
7500 7548	6.7	1	15
7501 7547	6.7	1	15
7504 7544	6.7	1	15
7505 7543	6.7	1	15
7506 7542	6.7	1	15
7508 7540	6.7	1	15
7509 7539	6.7	1	15
7510 7538	6.7	1	15
7511 7537	6.7	1	15
7517 7536	6.7	1	15
7518 7535	6.7	1	15
7519 7534	6.7	1	15
7520 7533	6.7	1	15
7521 7532	6.7	1	15
7523 7531	6.7	1	15
8849 8923	6.7	1	15
8850 8922	6.7	1	15
8851 8921	6.7	1	15
8852 8920	6.7	1	15
9088 9184	6.7	1	15
9343 9355	6.7	1	15
9344 9354	6.7	1	15
9345 9353	6.7	1	15
9346 9352	6.7	1	15
9356 9371	6.7	1	15
9357 9370	6.7	1	15
9358 9369	6.7	1	15
9359 9368	6.7	1	15
9360 9367	6.7	1	15
9388 9436	6.7	1	15
9389 9435	6.7	1	15
9391 9411	6.7	1	15
9392 9410	6.7	1	15
9393 9409	6.7	1	15
9394 9408	6.7	1	15
9395 9407	6.7	1	15
9396 9406	6.7	1	15
9397 9405	6.7	1	15
9412 9433	6.7	1	15
9413 9432	6.7	1	15
9414 9431	6.7	1	15
9416 9429	6.7	1	15
9417 9428	6.7	1	15
9419 9426	6.7	1	15
9420 9425	6.7	1	15
9439 9448	6.7	1	15
9440 9447	6.7	1	15
9441 9446	6.7	1	15
7 16	6.7	1	15
8 15	6.7	1	15
9 14	6.7	1	15
25 123	6.7	1	15
81 117	6.7	1	15
82 116	6.7	1	15
85 113	6.7	1	15
89 109	6.7	1	15
120 162	6.7	1	15
128 155	6.7	1	15
129 154	6.7	1	15
130 153	6.7	1	15
131 151	13.3	2	15
132 150	13.3	2	15
133 149	13.3	2	15
134 148	13.3	2	15
135 147	13.3	2	15
136 146	13.3	2	15
137 145	13.3	2	15
138 144	13.3	2	15
164 186	6.7	1	15
165 185	6.7	1	15
166 184	6.7	1	15
167 183	6.7	1	15
169 180	6.7	1	15
170 179	6.7	1	15
171 178	6.7	1	15
188 226	13.3	2	15
318 328	6.7	1	15
319 327	6.7	1	15
331 441	6.7	1	15
335 437	6.7	1	15
338 430	6.7	1	15
346 424	6.7	1	15
347 423	6.7	1	15
352 422	6.7	1	15
353 421	6.7	1	15
354 420	6.7	1	15
358 419	6.7	1	15
359 418	6.7	1	15
360 417	6.7	1	15
361 416	6.7	1	15
362 415	6.7	1	15
363 414	6.7	1	15
368 411	6.7	1	15
369 410	6.7	1	15
370 409	6.7	1	15
371 408	6.7	1	15
375 402	6.7	1	15
376 401	6.7	1	15
377 400	6.7	1	15
378 399	6.7	1	15
380 397	6.7	1	15
381 396	6.7	1	15
382 395	6.7	1	15
383 394	6.7	1	15
384 393	6.7	1	15
385 392	6.7	1	15
386 391	6.7	1	15
779 848	6.7	1	15
780 847	6.7	1	15
2725 2778	6.7	1	15
2726 2777	6.7	1	15
2727 2776	6.7	1	15
2728 2775	6.7	1	15
2729 2774	6.7	1	15
2730 2773	6.7	1	15
2736 2771	6.7	1	15
2737 2770	6.7	1	15
2738 2769	6.7	1	15
2739 2768	6.7	1	15
2740 2767	6.7	1	15
2741 2766	6.7	1	15
2742 2765	6.7	1	15
2745 2762	13.3	2	15
2746 2761	13.3	2	15
2747 2760	13.3	2	15
2748 2759	13.3	2	15
2749 2758	13.3	2	15
2787 2809	6.7	1	15
2788 2808	6.7	1	15
2789 2807	6.7	1	15
2790 2806	6.7	1	15
2791 2805	6.7	1	15
2792 2804	6.7	1	15
2793 2803	6.7	1	15
2794 2802	6.7	1	15
2795 2801	6.7	1	15
2953 3005	6.7	1	15
2954 3004	6.7	1	15
2955 3003	6.7	1	15
2956 3002	6.7	1	15
2957 3001	6.7	1	15
2958 3000	6.7	1	15
3166 3255	6.7	1	15
4141 4210	6.7	1	15
4142 4209	6.7	1	15
4143 4208	6.7	1	15
4144 4207	6.7	1	15
4145 4206	6.7	1	15
4146 4205	6.7	1	15
4153 4202	6.7	1	15
4155 4200	6.7	1	15
4156 4199	6.7	1	15
4157 4198	6.7	1	15
4158 4197	6.7	1	15
4159 4196	6.7	1	15
4160 4195	6.7	1	15
4161 4194	6.7	1	15
4163 4192	6.7	1	15
4164 4191	6.7	1	15
4165 4190	6.7	1	15
4166 4189	6.7	1	15
4168 4187	6.7	1	15
4169 4186	6.7	1	15
4170 4185	6.7	1	15
4172 4183	6.7	1	15
4173 4182	6.7	1	15
4174 4181	6.7	1	15
4175 4180	6.7	1	15
9635 9742	6.7	1	15
9636 9741	6.7	1	15
9637 9740	6.7	1	15
9641 9736	6.7	1	15
9642 9735	6.7	1	15
9643 9734	6.7	1	15
9826 9843	6.7	1	15
9827 9842	6.7	1	15
9828 9841	6.7	1	15
9829 9840	6.7	1	15
9830 9839	6.7	1	15
9831 9838	6.7	1	15
9991 9996	6.7	1	15
14 127	6.7	1	15
17 27	6.7	1	15
18 26	6.7	1	15
19 25	6.7	1	15
20 24	6.7	1	15
29 44	6.7	1	15
30 43	6.7	1	15
31 42	6.7	1	15
32 41	6.7	1	15
33 40	6.7	1	15
34 39	6.7	1	15
88 113	6.7	1	15
91 111	6.7	1	15
92 110	6.7	1	15
93 109	6.7	1	15
94 108	6.7	1	15
95 107	6.7	1	15
96 106	6.7	1	15
129 148	6.7	1	15
130 147	6.7	1	15
131 146	6.7	1	15
132 145	6.7	1	15
133 144	6.7	1	15
134 143	6.7	1	15
135 142	6.7	1	15
136 141	6.7	1	15
151 203	6.7	1	15
152 202	6.7	1	15
153 201	6.7	1	15
154 200	6.7	1	15
155 199	6.7	1	15
156 198	6.7	1	15
157 197	6.7	1	15
158 196	6.7	1	15
160 194	6.7	1	15
167 191	6.7	1	15
169 189	6.7	1	15
170 188	6.7	1	15
171 187	6.7	1	15
172 186	6.7	1	15
174 183	6.7	1	15
175 182	6.7	1	15
176 181	6.7	1	15
216 249	6.7	1	15
217 248	6.7	1	15
218 247	6.7	1	15
219 246	6.7	1	15
220 245	6.7	1	15
221 244	6.7	1	15
222 243	6.7	1	15
224 241	6.7	1	15
225 240	6.7	1	15
226 239	6.7	1	15
227 238	6.7	1	15
228 237	6.7	1	15
331 417	6.7	1	15
332 416	6.7	1	15
334 413	6.7	1	15
335 412	6.7	1	15
336 411	6.7	1	15
337 410	6.7	1	15
338 409	6.7	1	15
339 408	6.7	1	15
340 407	6.7	1	15
1047 1118	6.7	1	15
1048 1117	6.7	1	15
1049 1116	6.7	1	15
1050 1115	6.7	1	15
1051 1114	6.7	1	15
1052 1113	6.7	1	15
1054 1111	6.7	1	15
1055 1110	6.7	1	15
1056 1109	6.7	1	15
1058 1108	6.7	1	15
1059 1107	6.7	1	15
1062 1104	6.7	1	15
1063 1103	6.7	1	15
1064 1102	6.7	1	15
1065 1101	6.7	1	15
1066 1099	6.7	1	15
1067 1098	6.7	1	15
1068 1095	6.7	1	15
1069 1094	6.7	1	15
1070 1093	6.7	1	15
1071 1092	6.7	1	15
2604 2663	6.7	1	15
2605 2662	6.7	1	15
2606 2661	6.7	1	15
2692 2775	6.7	1	15
2693 2774	6.7	1	15
2694 2773	6.7	1	15
2695 2772	6.7	1	15
2696 2771	6.7	1	15
2697 2770	6.7	1	15
2699 2767	6.7	1	15
2700 2766	6.7	1	15
2701 2765	6.7	1	15
2702 2764	6.7	1	15
2703 2763	6.7	1	15
2704 2762	6.7	1	15
2706 2760	6.7	1	15
2707 2759	6.7	1	15
2708 2758	6.7	1	15
4752 4841	6.7	1	15
4753 4840	6.7	1	15
4758 4835	6.7	1	15
4759 4834	6.7	1	15
5118 5198	6.7	1	15
5119 5197	6.7	1	15
5120 5196	6.7	1	15
5121 5194	6.7	1	15
5122 5193	6.7	1	15
5123 5192	6.7	1	15
5124 5191	6.7	1	15
5127 5188	6.7	1	15
5128 5187	6.7	1	15
5129 5185	6.7	1	15
5130 5184	6.7	1	15
5131 5183	6.7	1	15
5132 5182	6.7	1	15
5133 5181	6.7	1	15
7784 7898	6.7	1	15
9019 9033	6.7	1	15
9020 9032	6.7	1	15
9021 9031	6.7	1	15
9022 9030	6.7	1	15
9023 9029	6.7	1	15
9024 9028	6.7	1	15
9048 9080	6.7	1	15
9087 9115	6.7	1	15
9090 9112	6.7	1	15
9091 9111	6.7	1	15
9092 9110	6.7	1	15
9093 9109	6.7	1	15
9095 9107	6.7	1	15
9096 9106	6.7	1	15
9367 9473	6.7	1	15
9368 9472	6.7	1	15
9369 9471	6.7	1	15
9371 9469	6.7	1	15
9372 9468	6.7	1	15
2 18	6.7	1	15
3 17	6.7	1	15
4 16	6.7	1	15
31 132	6.7	1	15
32 131	6.7	1	15
33 130	6.7	1	15
34 129	6.7	1	15
37 61	6.7	1	15
38 60	6.7	1	15
39 59	6.7	1	15
52 58	6.7	1	15
53 57	6.7	1	15
82 120	13.3	2	15
83 119	6.7	1	15
84 118	6.7	1	15
85 117	6.7	1	15
86 116	6.7	1	15
87 115	6.7	1	15
88 114	6.7	1	15
89 113	6.7	1	15
121 176	6.7	1	15
122 175	6.7	1	15
123 174	6.7	1	15
124 173	6.7	1	15
125 172	6.7	1	15
133 163	6.7	1	15
135 162	6.7	1	15
136 161	6.7	1	15
137 160	6.7	1	15
138 159	6.7	1	15
141 156	6.7	1	15
142 155	6.7	1	15
144 154	6.7	1	15
145 153	6.7	1	15
180 234	6.7	1	15
181 233	6.7	1	15
183 231	6.7	1	15
184 230	6.7	1	15
185 229	6.7	1	15
186 228	6.7	1	15
189 225	6.7	1	15
190 224	6.7	1	15
191 223	6.7	1	15
192 222	6.7	1	15
193 221	6.7	1	15
194 220	6.7	1	15
195 219	6.7	1	15
197 217	6.7	1	15
198 216	6.7	1	15
199 214	6.7	1	15
200 213	6.7	1	15
201 212	6.7	1	15
202 211	6.7	1	15
203 210	6.7	1	15
497 606	6.7	1	15
499 604	6.7	1	15
2672 2684	6.7	1	15
2673 2683	6.7	1	15
2674 2682	6.7	1	15
2675 2681	6.7	1	15
2676 2680	6.7	1	15
2692 2707	6.7	1	15
2693 2706	6.7	1	15
2694 2705	6.7	1	15
2695 2704	6.7	1	15
2696 2703	6.7	1	15
2697 2702	6.7	1	15
2710 2748	6.7	1	15
2711 2747	6.7	1	15
2712 2746	6.7	1	15
2713 2745	6.7	1	15
2714 2744	6.7	1	15
2715 2743	6.7	1	15
2716 2742	6.7	1	15
2717 2741	6.7	1	15
2720 2737	6.7	1	15
2721 2736	6.7	1	15
2722 2734	6.7	1	15
2723 2733	6.7	1	15
2724 2732	6.7	1	15
2725 2731	6.7	1	15
2749 2796	6.7	1	15
2750 2795	6.7	1	15
2751 2794	6.7	1	15
2752 2793	6.7	1	15
2754 2791	6.7	1	15
2756 2790	6.7	1	15
2759 2787	6.7	1	15
2760 2786	6.7	1	15
2761 2785	6.7	1	15
2762 2784	6.7	1	15
2763 2783	6.7	1	15
2765 2781	6.7	1	15
2766 2780	6.7	1	15
2802 2828	6.7	1	15
2803 2827	6.7	1	15
2804 2826	6.7	1	15
2805 2825	6.7	1	15
2806 2824	6.7	1	15
2807 2823	6.7	1	15
2830 2907	6.7	1	15
2831 2906	6.7	1	15
2832 2905	6.7	1	15
2833 2904	6.7	1	15
2834 2903	6.7	1	15
2836 2901	6.7	1	15
2837 2900	6.7	1	15
2840 2897	6.7	1	15
2841 2896	6.7	1	15
2845 2873	6.7	1	15
2846 2872	6.7	1	15
2847 2871	6.7	1	15
2848 2870	6.7	1	15
2849 2869	6.7	1	15
2850 2868	6.7	1	15
2852 2866	6.7	1	15
2853 2865	6.7	1	15
2854 2864	6.7	1	15
2856 2862	6.7	1	15
2879 2895	6.7	1	15
2880 2894	6.7	1	15
3818 3844	6.7	1	15
3821 3841	6.7	1	15
3822 3840	6.7	1	15
3823 3839	6.7	1	15
3824 3838	6.7	1	15
3825 3837	6.7	1	15
3846 3894	6.7	1	15
3847 3893	6.7	1	15
3848 3892	6.7	1	15
3849 3891	6.7	1	15
3850 3890	6.7	1	15
3851 3889	6.7	1	15
3852 3888	6.7	1	15
3853 3887	6.7	1	15
3854 3885	6.7	1	15
3855 3883	6.7	1	15
3856 3882	6.7	1	15
3857 3881	6.7	1	15
3858 3880	6.7	1	15
3859 3879	6.7	1	15
3860 3878	6.7	1	15
3861 3877	6.7	1	15
3865 3876	6.7	1	15
3866 3875	6.7	1	15
3867 3874	6.7	1	15
4682 4772	6.7	1	15
4683 4771	6.7	1	15
4684 4770	6.7	1	15
4685 4769	6.7	1	15
4686 4768	6.7	1	15
4688 4766	6.7	1	15
4689 4765	6.7	1	15
4690 4764	6.7	1	15
4706 4747	6.7	1	15
4709 4745	6.7	1	15
4710 4744	6.7	1	15
4711 4743	6.7	1	15
4712 4742	6.7	1	15
4713 4741	6.7	1	15
4714 4740	6.7	1	15
4715 4739	6.7	1	15
4718 4736	6.7	1	15
4719 4735	6.7	1	15
4720 4734	6.7	1	15
4722 4732	6.7	1	15
4723 4731	6.7	1	15
4724 4730	6.7	1	15
4748 4763	6.7	1	15
4749 4762	6.7	1	15
4750 4761	6.7	1	15
4751 4760	6.7	1	15
4752 4759	6.7	1	15
4977 5049	6.7	1	15
4978 5048	6.7	1	15
4979 5047	6.7	1	15
4980 5040	6.7	1	15
4981 5039	6.7	1	15
4982 5038	6.7	1	15
4983 5037	6.7	1	15
4984 5036	6.7	1	15
4986 5033	6.7	1	15
4987 5032	6.7	1	15
4988 5031	6.7	1	15
4989 5030	6.7	1	15
4990 5029	6.7	1	15
4997 5028	6.7	1	15
4998 5027	6.7	1	15
5000 5025	6.7	1	15
5001 5024	6.7	1	15
5002 5023	6.7	1	15
5003 5022	6.7	1	15
5004 5021	6.7	1	15
5058 5098	6.7	1	15
5059 5097	6.7	1	15
5060 5096	6.7	1	15
5061 5095	6.7	1	15
5067 5087	6.7	1	15
5068 5086	6.7	1	15
5069 5085	6.7	1	15
5070 5084	6.7	1	15
5071 5083	6.7	1	15
5072 5082	6.7	1	15
5073 5081	6.7	1	15
5074 5080	6.7	1	15
5114 5125	6.7	1	15
5115 5124	6.7	1	15
5116 5123	6.7	1	15
5117 5122	6.7	1	15
5133 5209	6.7	1	15
5134 5208	6.7	1	15
5136 5206	6.7	1	15
5137 5205	6.7	1	15
5138 5204	6.7	1	15
5139 5203	6.7	1	15
5140 5202	6.7	1	15
5141 5201	6.7	1	15
5656 5673	6.7	1	15
5657 5672	6.7	1	15
5658 5671	6.7	1	15
5659 5670	6.7	1	15
5660 5669	6.7	1	15
5661 5668	6.7	1	15
5662 5667	6.7	1	15
5678 5727	6.7	1	15
5679 5726	6.7	1	15
5680 5725	6.7	1	15
5681 5724	6.7	1	15
5682 5723	6.7	1	15
5683 5722	6.7	1	15
5684 5721	6.7	1	15
5685 5720	6.7	1	15
5686 5719	6.7	1	15
5687 5709	6.7	1	15
5688 5708	6.7	1	15
5689 5707	6.7	1	15
5690 5706	6.7	1	15
5691 5705	6.7	1	15
5692 5704	6.7	1	15
5694 5703	6.7	1	15
5695 5702	6.7	1	15
5906 6003	6.7	1	15
5907 6002	6.7	1	15
5909 6000	6.7	1	15
7018 7126	6.7	1	15
7019 7125	6.7	1	15
7025 7117	6.7	1	15
7026 7116	6.7	1	15
7027 7115	6.7	1	15
7028 7114	6.7	1	15
7029 7113	6.7	1	15
7523 7608	6.7	1	15
7524 7606	6.7	1	15
7525 7605	6.7	1	15
7526 7604	6.7	1	15
7531 7599	6.7	1	15
7532 7598	6.7	1	15
7533 7597	6.7	1	15
7534 7596	6.7	1	15
7535 7595	6.7	1	15
7536 7594	6.7	1	15
7537 7593	6.7	1	15
7538 7592	6.7	1	15
7539 7590	6.7	1	15
7542 7587	6.7	1	15
7543 7586	6.7	1	15
7544 7585	6.7	1	15
7545 7584	6.7	1	15
7546 7583	6.7	1	15
7550 7582	6.7	1	15
7551 7581	6.7	1	15
7552 7580	6.7	1	15
7553 7579	6.7	1	15
7554 7578	6.7	1	15
7556 7576	6.7	1	15
7557 7575	6.7	1	15
7558 7574	6.7	1	15
7559 7572	6.7	1	15
7561 7570	6.7	1	15
7562 7569	6.7	1	15
7792 7878	6.7	1	15
7794 7876	6.7	1	15
7795 7875	6.7	1	15
7808 7831	6.7	1	15
7809 7830	6.7	1	15
7810 7829	6.7	1	15
7811 7828	6.7	1	15
7814 7826	6.7	1	15
7815 7825	6.7	1	15
7816 7824	6.7	1	15
7817 7823	6.7	1	15
7835 7872	6.7	1	15
7836 7871	6.7	1	15
7837 7870	6.7	1	15
7838 7869	6.7	1	15
7839 7868	6.7	1	15
7840 7867	6.7	1	15
7841 7866	6.7	1	15
7843 7865	6.7	1	15
7844 7864	6.7	1	15
7845 7863	6.7	1	15
7846 7862	6.7	1	15
7847 7861	6.7	1	15
7848 7860	6.7	1	15
7849 7858	6.7	1	15
7850 7857	6.7	1	15
9459 9522	6.7	1	15
9464 9521	6.7	1	15
9465 9520	6.7	1	15
9466 9519	6.7	1	15
9467 9518	6.7	1	15
9468 9517	6.7	1	15
9471 9514	6.7	1	15
39 54	6.7	1	15
77 125	6.7	1	15
78 124	6.7	1	15
79 123	6.7	1	15
80 122	6.7	1	15
81 121	6.7	1	15
155 213	6.7	1	15
156 212	6.7	1	15
157 211	6.7	1	15
158 210	6.7	1	15
159 209	6.7	1	15
160 208	6.7	1	15
161 207	6.7	1	15
1089 1177	6.7	1	15
1090 1176	6.7	1	15
1091 1175	6.7	1	15
1094 1172	6.7	1	15
1095 1171	6.7	1	15
1530 1548	6.7	1	15
1531 1547	6.7	1	15
1532 1546	6.7	1	15
1533 1542	6.7	1	15
1534 1541	6.7	1	15
1535 1540	6.7	1	15
1549 1571	6.7	1	15
1550 1570	6.7	1	15
1551 1569	6.7	1	15
1552 1568	6.7	1	15
1553 1567	6.7	1	15
1554 1566	6.7	1	15
1555 1565	6.7	1	15
1556 1564	6.7	1	15
1557 1563	6.7	1	15
1558 1562	6.7	1	15
1574 1586	6.7	1	15
1575 1585	6.7	1	15
1576 1584	6.7	1	15
2654 2711	6.7	1	15
2665 2705	6.7	1	15
2666 2704	6.7	1	15
2667 2703	6.7	1	15
2668 2702	6.7	1	15
2669 2701	6.7	1	15
2670 2698	6.7	1	15
2671 2697	6.7	1	15
2672 2696	6.7	1	15
2673 2695	6.7	1	15
2674 2694	6.7	1	15
2675 2693	6.7	1	15
2676 2692	6.7	1	15
2677 2691	6.7	1	15
2678 2690	6.7	1	15
2679 2689	6.7	1	15
2712 2726	6.7	1	15
2713 2725	6.7	1	15
2714 2724	6.7	1	15
2715 2723	6.7	1	15
2716 2722	6.7	1	15
2729 2744	6.7	1	15
2730 2743	6.7	1	15
2731 2742	6.7	1	15
2732 2741	6.7	1	15
2733 2740	6.7	1	15
2734 2739	6.7	1	15
2750 2757	6.7	1	15
2751 2756	6.7	1	15
2784 2873	6.7	1	15
3039 3149	6.7	1	15
3040 3148	6.7	1	15
3044 3145	6.7	1	15
3045 3144	6.7	1	15
3046 3143	6.7	1	15
4989 5083	6.7	1	15
4990 5082	6.7	1	15
4991 5081	6.7	1	15
4992 5080	6.7	1	15
4993 5079	6.7	1	15
4994 5078	6.7	1	15
4995 5077	6.7	1	15
4997 5075	6.7	1	15
5000 5072	6.7	1	15
5001 5071	6.7	1	15
5004 5067	6.7	1	15
5005 5066	6.7	1	15
5006 5065	6.7	1	15
5007 5064	6.7	1	15
5008 5063	6.7	1	15
5011 5060	6.7	1	15
5012 5059	6.7	1	15
5014 5057	6.7	1	15
5018 5051	6.7	1	15
5019 5050	6.7	1	15
5020 5049	6.7	1	15
5021 5048	6.7	1	15
5022 5047	6.7	1	15
5023 5046	6.7	1	15
5024 5045	6.7	1	15
5025 5044	6.7	1	15
5029 5039	6.7	1	15
5030 5038	6.7	1	15
5031 5037	6.7	1	15
5032 5036	6.7	1	15
5524 5629	6.7	1	15
5525 5628	6.7	1	15
5526 5627	6.7	1	15
5529 5624	6.7	1	15
5530 5622	6.7	1	15
5531 5621	6.7	1	15
5532 5620	6.7	1	15
7441 7472	6.7	1	15
7442 7471	6.7	1	15
7443 7470	6.7	1	15
7445 7468	6.7	1	15
7446 7467	6.7	1	15
7447 7466	6.7	1	15
7448 7465	6.7	1	15
7449 7464	6.7	1	15
7450 7463	6.7	1	15
7451 7462	6.7	1	15
7452 7461	6.7	1	15
7473 7492	6.7	1	15
7474 7491	6.7	1	15
7475 7490	6.7	1	15
7476 7489	6.7	1	15
7477 7488	6.7	1	15
7478 7487	6.7	1	15
7479 7486	6.7	1	15
7480 7485	6.7	1	15
7493 7505	6.7	1	15
7494 7504	6.7	1	15
9002 9115	6.7	1	15
9003 9114	6.7	1	15
10348 10295	6.7	1	15
10349 10294	6.7	1	15
10350 10293	6.7	1	15
10351 10292	6.7	1	15
