10 124	7.1	1	14
219 259	7.1	1	14
220 258	7.1	1	14
221 257	7.1	1	14
222 256	7.1	1	14
225 255	7.1	1	14
226 254	7.1	1	14
227 253	7.1	1	14
228 252	7.1	1	14
229 250	7.1	1	14
230 249	7.1	1	14
231 248	7.1	1	14
273 358	7.1	1	14
274 357	7.1	1	14
275 356	7.1	1	14
276 355	7.1	1	14
278 354	7.1	1	14
279 353	7.1	1	14
280 352	7.1	1	14
281 351	7.1	1	14
282 350	7.1	1	14
286 349	7.1	1	14
287 348	7.1	1	14
288 347	7.1	1	14
289 346	7.1	1	14
290 345	7.1	1	14
291 343	7.1	1	14
292 342	7.1	1	14
293 341	7.1	1	14
294 340	7.1	1	14
295 339	7.1	1	14
296 336	7.1	1	14
297 335	7.1	1	14
298 334	7.1	1	14
299 333	7.1	1	14
300 332	7.1	1	14
362 399	14.3	2	14
363 398	7.1	1	14
364 397	14.3	2	14
365 396	14.3	2	14
366 395	14.3	2	14
367 394	14.3	2	14
368 393	14.3	2	14
819 865	7.1	1	14
868 997	7.1	1	14
869 996	7.1	1	14
870 995	7.1	1	14
871 994	7.1	1	14
874 991	7.1	1	14
875 990	7.1	1	14
876 987	7.1	1	14
877 986	7.1	1	14
878 985	7.1	1	14
1468 1489	7.1	1	14
1469 1488	7.1	1	14
1470 1487	7.1	1	14
1471 1486	7.1	1	14
1472 1485	7.1	1	14
1473 1484	7.1	1	14
1475 1483	7.1	1	14
1476 1482	7.1	1	14
1490 1510	7.1	1	14
1491 1509	7.1	1	14
1492 1508	7.1	1	14
1493 1507	7.1	1	14
1494 1506	7.1	1	14
1495 1505	7.1	1	14
1496 1504	7.1	1	14
1512 1561	7.1	1	14
1513 1560	7.1	1	14
1514 1559	7.1	1	14
1515 1558	7.1	1	14
1516 1557	7.1	1	14
1517 1556	7.1	1	14
1518 1555	7.1	1	14
1519 1554	7.1	1	14
1520 1553	7.1	1	14
3633 3659	7.1	1	14
3634 3658	7.1	1	14
3635 3654	7.1	1	14
3636 3653	7.1	1	14
3637 3652	7.1	1	14
3638 3651	7.1	1	14
3639 3650	7.1	1	14
3640 3649	7.1	1	14
3663 3739	7.1	1	14
3664 3738	7.1	1	14
3670 3732	7.1	1	14
3672 3730	7.1	1	14
3673 3728	7.1	1	14
3674 3727	7.1	1	14
3675 3726	7.1	1	14
3676 3725	7.1	1	14
3677 3723	14.3	2	14
3678 3722	21.4	3	14
3682 3721	21.4	3	14
3683 3720	21.4	3	14
3684 3719	21.4	3	14
3685 3718	21.4	3	14
3686 3717	21.4	3	14
3687 3716	21.4	3	14
3688 3715	14.3	2	14
3689 3714	14.3	2	14
3690 3713	14.3	2	14
3691 3712	14.3	2	14
3694 3711	7.1	1	14
3695 3710	14.3	2	14
3696 3709	14.3	2	14
3697 3708	14.3	2	14
3779 3793	7.1	1	14
3780 3792	7.1	1	14
3781 3791	7.1	1	14
3782 3790	7.1	1	14
3783 3789	7.1	1	14
4621 4718	7.1	1	14
4622 4717	7.1	1	14
4623 4716	7.1	1	14
6587 6707	7.1	1	14
6588 6706	7.1	1	14
6589 6705	7.1	1	14
6590 6704	7.1	1	14
6591 6703	7.1	1	14
6592 6693	7.1	1	14
6593 6692	7.1	1	14
6594 6691	7.1	1	14
8494 8539	7.1	1	14
10399 10499	7.1	1	14
10400 10498	7.1	1	14
10401 10497	7.1	1	14
10402 10496	7.1	1	14
10403 10495	7.1	1	14
10404 10494	7.1	1	14
10405 10493	7.1	1	14
11184 11165	7.1	1	14
11183 11166	7.1	1	14
11182 11167	7.1	1	14
11181 11168	7.1	1	14
11180 11169	7.1	1	14
11179 11170	7.1	1	14
11178 11171	7.1	1	14
11177 11172	7.1	1	14
11201 11185	7.1	1	14
11200 11186	7.1	1	14
11199 11187	7.1	1	14
11198 11188	7.1	1	14
11197 11189	7.1	1	14
11196 11190	7.1	1	14
11195 11191	7.1	1	14
11273 11207	7.1	1	14
11235 11218	7.1	1	14
11234 11219	7.1	1	14
11233 11220	7.1	1	14
11232 11221	7.1	1	14
11231 11222	7.1	1	14
11230 11223	7.1	1	14
11256 11240	7.1	1	14
11255 11241	7.1	1	14
11254 11242	7.1	1	14
11253 11243	7.1	1	14
11252 11244	7.1	1	14
11251 11245	7.1	1	14
11272 11259	7.1	1	14
11271 11260	7.1	1	14
11270 11261	7.1	1	14
11269 11262	7.1	1	14
11268 11263	7.1	1	14
11274 11206	7.1	1	14
11275 11205	7.1	1	14
11276 11204	7.1	1	14
124 137	7.1	1	14
125 136	7.1	1	14
126 135	7.1	1	14
127 134	7.1	1	14
128 133	7.1	1	14
138 157	14.3	2	14
139 156	14.3	2	14
140 155	14.3	2	14
141 154	14.3	2	14
142 153	14.3	2	14
143 152	14.3	2	14
144 151	14.3	2	14
176 198	7.1	1	14
177 197	7.1	1	14
178 196	7.1	1	14
179 195	7.1	1	14
180 194	14.3	2	14
181 193	14.3	2	14
182 192	14.3	2	14
183 191	14.3	2	14
184 190	14.3	2	14
185 189	14.3	2	14
201 245	7.1	1	14
202 244	7.1	1	14
203 243	7.1	1	14
204 242	7.1	1	14
206 240	7.1	1	14
207 239	7.1	1	14
208 238	7.1	1	14
209 237	7.1	1	14
210 236	7.1	1	14
211 235	7.1	1	14
212 233	7.1	1	14
213 232	14.3	2	14
214 231	14.3	2	14
216 229	14.3	2	14
217 228	7.1	1	14
218 227	7.1	1	14
219 226	14.3	2	14
220 225	14.3	2	14
260 304	7.1	1	14
261 303	7.1	1	14
1238 1281	7.1	1	14
1239 1280	7.1	1	14
1240 1279	7.1	1	14
1241 1278	7.1	1	14
1487 1539	7.1	1	14
1488 1538	7.1	1	14
1489 1537	7.1	1	14
1492 1535	7.1	1	14
1493 1534	7.1	1	14
1494 1533	7.1	1	14
1495 1532	7.1	1	14
1496 1531	7.1	1	14
1497 1530	7.1	1	14
1498 1529	7.1	1	14
1499 1528	7.1	1	14
1500 1527	7.1	1	14
1503 1525	7.1	1	14
1504 1524	7.1	1	14
1505 1523	7.1	1	14
1506 1522	7.1	1	14
1507 1521	7.1	1	14
1509 1520	7.1	1	14
1510 1519	7.1	1	14
1511 1518	7.1	1	14
2113 2219	7.1	1	14
2116 2216	7.1	1	14
2117 2215	7.1	1	14
2118 2214	7.1	1	14
2119 2213	7.1	1	14
2120 2212	7.1	1	14
2121 2211	7.1	1	14
2122 2210	7.1	1	14
2123 2209	7.1	1	14
2126 2203	7.1	1	14
2127 2202	7.1	1	14
2128 2201	7.1	1	14
2129 2200	7.1	1	14
2132 2198	7.1	1	14
2133 2197	7.1	1	14
2134 2196	7.1	1	14
2135 2195	7.1	1	14
2136 2194	7.1	1	14
3302 3426	7.1	1	14
3303 3425	7.1	1	14
3304 3424	7.1	1	14
3306 3420	7.1	1	14
3307 3419	7.1	1	14
3308 3418	7.1	1	14
5404 5519	7.1	1	14
5405 5518	7.1	1	14
5406 5517	7.1	1	14
5761 5873	7.1	1	14
5763 5871	7.1	1	14
5764 5870	7.1	1	14
5765 5869	7.1	1	14
5766 5868	7.1	1	14
5769 5866	7.1	1	14
5770 5865	7.1	1	14
5771 5864	7.1	1	14
5772 5863	7.1	1	14
5775 5857	7.1	1	14
5776 5856	7.1	1	14
5777 5855	7.1	1	14
5778 5851	7.1	1	14
5779 5850	7.1	1	14
5780 5849	7.1	1	14
5782 5847	7.1	1	14
5783 5846	7.1	1	14
5784 5845	7.1	1	14
5785 5841	7.1	1	14
7860 7956	7.1	1	14
9737 9815	7.1	1	14
9738 9814	7.1	1	14
9739 9813	7.1	1	14
9741 9811	7.1	1	14
9742 9810	7.1	1	14
9743 9809	7.1	1	14
9744 9808	7.1	1	14
9745 9807	7.1	1	14
9746 9806	7.1	1	14
9747 9805	7.1	1	14
9748 9804	7.1	1	14
9749 9803	7.1	1	14
9750 9802	7.1	1	14
9751 9800	7.1	1	14
9752 9799	7.1	1	14
9753 9798	7.1	1	14
9754 9797	7.1	1	14
9755 9792	7.1	1	14
9756 9791	7.1	1	14
9759 9787	7.1	1	14
9760 9786	7.1	1	14
9761 9785	7.1	1	14
9762 9784	7.1	1	14
9763 9783	7.1	1	14
9768 9779	7.1	1	14
9769 9778	7.1	1	14
9770 9777	7.1	1	14
9771 9776	7.1	1	14
131 141	7.1	1	14
132 140	7.1	1	14
133 139	7.1	1	14
143 181	7.1	1	14
144 180	7.1	1	14
145 179	7.1	1	14
146 178	7.1	1	14
150 162	7.1	1	14
151 161	7.1	1	14
152 160	7.1	1	14
153 159	7.1	1	14
154 158	7.1	1	14
827 968	7.1	1	14
830 965	7.1	1	14
831 964	7.1	1	14
832 963	7.1	1	14
835 960	7.1	1	14
836 959	7.1	1	14
837 958	7.1	1	14
856 957	7.1	1	14
857 956	7.1	1	14
858 955	7.1	1	14
860 953	7.1	1	14
861 952	7.1	1	14
862 950	7.1	1	14
863 949	7.1	1	14
864 948	7.1	1	14
865 947	7.1	1	14
866 946	7.1	1	14
867 945	7.1	1	14
875 938	7.1	1	14
876 937	7.1	1	14
877 900	7.1	1	14
878 899	7.1	1	14
884 898	7.1	1	14
885 897	7.1	1	14
886 896	7.1	1	14
887 895	7.1	1	14
888 894	7.1	1	14
889 893	7.1	1	14
974 1003	7.1	1	14
975 1002	7.1	1	14
976 1000	7.1	1	14
977 999	7.1	1	14
978 998	7.1	1	14
979 997	7.1	1	14
980 996	7.1	1	14
981 995	7.1	1	14
982 994	7.1	1	14
983 993	7.1	1	14
984 992	7.1	1	14
1608 1653	7.1	1	14
1609 1652	7.1	1	14
1612 1647	7.1	1	14
1656 1680	7.1	1	14
1657 1679	7.1	1	14
1658 1678	7.1	1	14
1659 1677	7.1	1	14
1660 1676	7.1	1	14
1661 1675	7.1	1	14
1662 1674	7.1	1	14
1663 1673	7.1	1	14
1664 1671	7.1	1	14
1665 1670	7.1	1	14
1688 1726	7.1	1	14
1689 1725	7.1	1	14
1690 1724	7.1	1	14
1691 1723	7.1	1	14
1692 1722	7.1	1	14
1694 1721	7.1	1	14
1695 1720	7.1	1	14
1696 1719	7.1	1	14
1697 1718	7.1	1	14
1698 1717	7.1	1	14
1699 1716	7.1	1	14
1700 1715	7.1	1	14
1701 1714	7.1	1	14
2152 2172	7.1	1	14
2154 2170	7.1	1	14
2155 2169	7.1	1	14
2157 2168	7.1	1	14
2158 2167	7.1	1	14
2159 2166	7.1	1	14
2178 2247	7.1	1	14
2179 2246	7.1	1	14
2180 2245	7.1	1	14
2182 2241	7.1	1	14
2183 2240	7.1	1	14
2184 2239	7.1	1	14
2185 2238	7.1	1	14
2186 2237	7.1	1	14
2187 2236	7.1	1	14
2188 2235	7.1	1	14
2190 2229	7.1	1	14
2191 2228	7.1	1	14
2192 2227	7.1	1	14
2193 2226	7.1	1	14
2194 2225	7.1	1	14
2195 2224	7.1	1	14
2197 2218	7.1	1	14
2198 2217	7.1	1	14
2199 2216	7.1	1	14
2200 2215	7.1	1	14
2201 2214	7.1	1	14
2202 2213	7.1	1	14
2203 2212	7.1	1	14
2204 2211	7.1	1	14
2205 2210	7.1	1	14
2284 2304	7.1	1	14
2287 2298	7.1	1	14
2395 2509	7.1	1	14
2396 2508	7.1	1	14
2400 2504	7.1	1	14
2402 2502	7.1	1	14
2405 2499	7.1	1	14
2406 2498	7.1	1	14
2407 2497	7.1	1	14
2411 2493	7.1	1	14
2412 2492	7.1	1	14
2652 2716	7.1	1	14
2653 2715	7.1	1	14
2654 2714	7.1	1	14
2655 2713	7.1	1	14
2664 2708	7.1	1	14
2665 2707	7.1	1	14
2666 2706	7.1	1	14
2667 2705	7.1	1	14
2668 2704	7.1	1	14
2669 2703	7.1	1	14
2670 2702	7.1	1	14
2671 2701	7.1	1	14
2672 2691	7.1	1	14
2673 2690	7.1	1	14
2674 2689	7.1	1	14
2675 2688	7.1	1	14
2676 2687	7.1	1	14
2678 2685	7.1	1	14
3199 3295	7.1	1	14
5825 5923	7.1	1	14
5826 5922	7.1	1	14
5827 5921	7.1	1	14
5829 5919	7.1	1	14
5830 5918	7.1	1	14
5831 5917	7.1	1	14
5832 5916	7.1	1	14
5833 5915	7.1	1	14
5834 5914	7.1	1	14
5835 5913	7.1	1	14
5836 5912	7.1	1	14
5837 5911	7.1	1	14
5838 5910	7.1	1	14
5839 5909	7.1	1	14
5840 5908	7.1	1	14
5842 5906	7.1	1	14
5844 5903	7.1	1	14
5845 5902	7.1	1	14
5846 5901	7.1	1	14
5849 5898	7.1	1	14
5850 5897	7.1	1	14
5851 5896	7.1	1	14
5852 5895	7.1	1	14
5853 5894	7.1	1	14
5854 5893	7.1	1	14
5855 5892	7.1	1	14
5856 5891	7.1	1	14
5857 5890	7.1	1	14
5862 5889	7.1	1	14
5863 5888	7.1	1	14
5865 5886	7.1	1	14
5866 5885	7.1	1	14
5867 5884	7.1	1	14
5868 5883	7.1	1	14
5870 5881	7.1	1	14
5871 5880	7.1	1	14
5872 5879	7.1	1	14
5873 5878	7.1	1	14
7717 7773	7.1	1	14
7718 7772	7.1	1	14
7719 7771	7.1	1	14
7720 7770	7.1	1	14
7721 7769	7.1	1	14
7724 7765	7.1	1	14
7725 7764	7.1	1	14
7726 7763	14.3	2	14
7727 7762	7.1	1	14
7728 7761	7.1	1	14
7729 7760	7.1	1	14
7730 7759	7.1	1	14
7733 7756	7.1	1	14
7734 7755	7.1	1	14
7735 7754	7.1	1	14
7736 7753	7.1	1	14
7737 7752	14.3	2	14
7738 7751	14.3	2	14
7739 7750	14.3	2	14
7740 7749	14.3	2	14
10496 10613	7.1	1	14
10839 10785	7.1	1	14
10840 10784	7.1	1	14
130 241	7.1	1	14
131 240	7.1	1	14
132 239	7.1	1	14
133 238	7.1	1	14
134 237	7.1	1	14
135 236	7.1	1	14
138 155	7.1	1	14
139 154	7.1	1	14
140 153	7.1	1	14
141 152	7.1	1	14
142 151	7.1	1	14
157 179	7.1	1	14
158 178	7.1	1	14
159 177	7.1	1	14
162 174	7.1	1	14
163 173	7.1	1	14
164 172	7.1	1	14
218 235	7.1	1	14
219 234	7.1	1	14
220 233	7.1	1	14
221 232	7.1	1	14
222 231	7.1	1	14
223 230	7.1	1	14
224 229	7.1	1	14
2030 2104	7.1	1	14
2031 2103	7.1	1	14
2032 2102	7.1	1	14
2033 2101	7.1	1	14
2034 2100	7.1	1	14
2035 2099	7.1	1	14
2039 2096	7.1	1	14
2073 2092	7.1	1	14
3359 3486	7.1	1	14
3360 3485	7.1	1	14
3361 3484	7.1	1	14
5350 5405	7.1	1	14
5352 5403	7.1	1	14
5353 5402	7.1	1	14
7397 7402	7.1	1	14
7412 7460	7.1	1	14
7413 7459	7.1	1	14
7414 7458	7.1	1	14
7415 7457	7.1	1	14
7416 7456	7.1	1	14
7417 7455	7.1	1	14
7418 7454	7.1	1	14
7419 7453	7.1	1	14
7421 7450	7.1	1	14
7422 7449	7.1	1	14
7423 7448	7.1	1	14
7425 7447	7.1	1	14
7426 7446	7.1	1	14
7427 7445	7.1	1	14
7428 7444	7.1	1	14
7430 7441	7.1	1	14
7431 7440	7.1	1	14
7432 7439	7.1	1	14
8006 8095	7.1	1	14
8007 8094	7.1	1	14
8008 8093	7.1	1	14
8009 8092	7.1	1	14
8010 8091	7.1	1	14
8011 8090	7.1	1	14
8012 8085	7.1	1	14
8013 8084	7.1	1	14
8014 8083	7.1	1	14
8015 8082	7.1	1	14
8016 8081	7.1	1	14
8017 8080	7.1	1	14
8018 8079	7.1	1	14
8023 8076	7.1	1	14
8025 8074	7.1	1	14
8026 8073	7.1	1	14
8027 8072	7.1	1	14
8028 8071	7.1	1	14
8033 8068	7.1	1	14
8034 8064	7.1	1	14
8035 8063	7.1	1	14
8036 8062	7.1	1	14
8037 8061	7.1	1	14
8038 8060	7.1	1	14
8040 8059	7.1	1	14
8041 8058	7.1	1	14
8042 8057	7.1	1	14
8043 8056	7.1	1	14
8044 8055	7.1	1	14
8045 8054	7.1	1	14
8046 8053	7.1	1	14
8047 8052	7.1	1	14
8614 8623	7.1	1	14
8615 8622	7.1	1	14
8643 8706	7.1	1	14
8644 8705	7.1	1	14
8645 8704	7.1	1	14
8646 8703	7.1	1	14
8647 8702	7.1	1	14
8648 8701	7.1	1	14
8649 8700	7.1	1	14
8650 8699	7.1	1	14
8651 8698	7.1	1	14
8657 8697	7.1	1	14
8658 8696	7.1	1	14
8660 8694	7.1	1	14
8661 8693	7.1	1	14
8662 8692	7.1	1	14
8663 8691	7.1	1	14
8664 8690	7.1	1	14
8774 8854	7.1	1	14
8775 8853	7.1	1	14
8776 8852	7.1	1	14
8777 8851	7.1	1	14
8778 8850	7.1	1	14
8779 8849	7.1	1	14
8780 8848	7.1	1	14
8781 8847	7.1	1	14
8787 8845	7.1	1	14
8788 8844	7.1	1	14
8789 8843	7.1	1	14
8790 8842	7.1	1	14
8792 8841	7.1	1	14
8793 8840	7.1	1	14
8795 8837	7.1	1	14
8796 8836	7.1	1	14
8799 8833	7.1	1	14
8800 8832	7.1	1	14
8801 8831	7.1	1	14
8802 8830	7.1	1	14
8803 8829	7.1	1	14
8804 8828	7.1	1	14
8806 8826	7.1	1	14
9192 9247	7.1	1	14
9194 9245	7.1	1	14
9195 9244	7.1	1	14
9196 9242	7.1	1	14
9197 9241	7.1	1	14
9198 9240	7.1	1	14
9199 9239	7.1	1	14
9200 9238	7.1	1	14
9202 9236	7.1	1	14
9203 9235	7.1	1	14
9204 9234	7.1	1	14
9205 9233	7.1	1	14
9207 9231	7.1	1	14
9208 9230	7.1	1	14
9209 9229	7.1	1	14
9211 9228	7.1	1	14
9214 9225	7.1	1	14
9215 9224	7.1	1	14
9216 9223	7.1	1	14
9264 9274	7.1	1	14
9265 9273	7.1	1	14
9457 9563	7.1	1	14
9459 9562	7.1	1	14
9460 9561	7.1	1	14
9461 9560	7.1	1	14
9462 9559	7.1	1	14
9463 9558	7.1	1	14
9464 9557	7.1	1	14
9465 9556	7.1	1	14
10848 10753	7.1	1	14
10847 10754	7.1	1	14
10846 10755	7.1	1	14
10845 10756	7.1	1	14
10842 10760	7.1	1	14
10841 10761	7.1	1	14
10840 10762	7.1	1	14
10834 10767	7.1	1	14
10833 10768	7.1	1	14
10832 10769	7.1	1	14
10831 10770	7.1	1	14
10849 10752	7.1	1	14
10851 10750	7.1	1	14
10852 10749	7.1	1	14
10853 10748	7.1	1	14
10854 10747	7.1	1	14
131 206	7.1	1	14
132 205	7.1	1	14
133 204	7.1	1	14
134 203	7.1	1	14
135 202	7.1	1	14
142 155	7.1	1	14
143 154	14.3	2	14
144 153	14.3	2	14
145 152	14.3	2	14
146 151	14.3	2	14
160 180	14.3	2	14
161 179	14.3	2	14
162 178	14.3	2	14
163 177	14.3	2	14
164 176	14.3	2	14
165 175	14.3	2	14
166 174	14.3	2	14
167 173	14.3	2	14
181 196	14.3	2	14
182 195	14.3	2	14
183 194	14.3	2	14
184 193	14.3	2	14
185 192	7.1	1	14
214 240	7.1	1	14
215 239	7.1	1	14
216 238	7.1	1	14
217 237	7.1	1	14
218 236	7.1	1	14
219 235	7.1	1	14
220 234	7.1	1	14
221 233	7.1	1	14
243 262	7.1	1	14
244 261	7.1	1	14
245 260	7.1	1	14
246 259	7.1	1	14
247 258	7.1	1	14
248 257	7.1	1	14
249 256	7.1	1	14
250 255	7.1	1	14
273 285	7.1	1	14
298 305	7.1	1	14
299 304	7.1	1	14
1317 1429	7.1	1	14
3895 4001	7.1	1	14
3896 4000	7.1	1	14
3897 3999	7.1	1	14
3898 3998	7.1	1	14
3899 3997	7.1	1	14
6130 6223	7.1	1	14
6131 6222	7.1	1	14
6132 6221	7.1	1	14
6134 6219	7.1	1	14
6135 6218	7.1	1	14
6138 6216	7.1	1	14
6139 6215	7.1	1	14
6140 6214	7.1	1	14
6141 6213	7.1	1	14
6564 6629	7.1	1	14
6568 6626	7.1	1	14
6569 6625	7.1	1	14
6570 6624	7.1	1	14
6571 6623	7.1	1	14
6572 6622	7.1	1	14
6573 6621	7.1	1	14
6574 6620	7.1	1	14
6577 6618	7.1	1	14
6579 6617	7.1	1	14
6580 6616	7.1	1	14
6581 6615	7.1	1	14
6582 6614	7.1	1	14
6583 6613	7.1	1	14
6584 6612	7.1	1	14
6585 6611	7.1	1	14
6587 6609	7.1	1	14
6588 6608	7.1	1	14
6589 6607	7.1	1	14
6590 6603	7.1	1	14
6592 6601	7.1	1	14
6593 6600	7.1	1	14
7826 7879	7.1	1	14
7827 7878	7.1	1	14
7828 7877	7.1	1	14
7829 7876	7.1	1	14
7831 7874	7.1	1	14
7832 7873	7.1	1	14
7833 7872	7.1	1	14
7834 7871	7.1	1	14
8029 8149	7.1	1	14
8030 8148	7.1	1	14
8034 8145	7.1	1	14
8035 8144	7.1	1	14
8036 8143	7.1	1	14
8037 8139	7.1	1	14
8038 8138	7.1	1	14
8039 8137	7.1	1	14
9560 9573	7.1	1	14
9561 9572	7.1	1	14
9562 9571	7.1	1	14
9564 9568	7.1	1	14
9589 9642	7.1	1	14
9591 9641	7.1	1	14
9592 9640	7.1	1	14
9593 9639	7.1	1	14
9597 9635	7.1	1	14
9598 9634	7.1	1	14
9599 9633	7.1	1	14
9600 9632	7.1	1	14
9601 9631	7.1	1	14
9602 9630	7.1	1	14
9603 9629	7.1	1	14
9604 9628	7.1	1	14
9605 9627	7.1	1	14
9660 9671	7.1	1	14
9661 9670	7.1	1	14
9673 9715	7.1	1	14
9674 9714	7.1	1	14
9675 9713	7.1	1	14
9676 9712	7.1	1	14
9677 9711	7.1	1	14
9678 9710	7.1	1	14
9679 9709	7.1	1	14
9680 9708	7.1	1	14
9681 9707	7.1	1	14
9683 9705	7.1	1	14
9684 9704	7.1	1	14
9685 9703	7.1	1	14
9686 9702	7.1	1	14
9687 9701	7.1	1	14
9869 9965	7.1	1	14
9870 9964	7.1	1	14
9874 9961	7.1	1	14
9875 9960	7.1	1	14
9876 9959	7.1	1	14
9877 9958	7.1	1	14
9878 9957	7.1	1	14
9879 9956	7.1	1	14
9882 9952	7.1	1	14
9883 9951	7.1	1	14
9884 9950	7.1	1	14
9887 9947	7.1	1	14
9888 9946	7.1	1	14
9889 9945	7.1	1	14
9890 9944	7.1	1	14
9891 9943	7.1	1	14
9894 9940	7.1	1	14
9895 9939	7.1	1	14
10367 10485	7.1	1	14
10630 10701	7.1	1	14
10631 10700	7.1	1	14
10632 10699	7.1	1	14
10633 10698	7.1	1	14
10635 10695	7.1	1	14
10636 10694	7.1	1	14
10637 10693	7.1	1	14
10638 10691	7.1	1	14
10639 10690	7.1	1	14
10640 10689	7.1	1	14
10641 10687	7.1	1	14
10642 10686	7.1	1	14
10643 10685	7.1	1	14
10644 10684	7.1	1	14
10645 10683	7.1	1	14
10647 10681	7.1	1	14
10648 10680	7.1	1	14
10651 10669	7.1	1	14
10652 10668	7.1	1	14
10792 10704	7.1	1	14
10791 10705	7.1	1	14
10790 10706	7.1	1	14
10789 10707	7.1	1	14
10788 10708	7.1	1	14
10787 10709	7.1	1	14
10786 10710	7.1	1	14
10772 10723	7.1	1	14
10771 10727	7.1	1	14
10770 10728	7.1	1	14
10769 10729	7.1	1	14
10767 10730	7.1	1	14
10766 10731	7.1	1	14
10762 10735	14.3	2	14
151 197	7.1	1	14
152 196	7.1	1	14
153 195	7.1	1	14
154 194	7.1	1	14
155 193	7.1	1	14
156 192	7.1	1	14
157 191	7.1	1	14
158 189	7.1	1	14
159 188	7.1	1	14
161 186	7.1	1	14
162 185	7.1	1	14
164 184	7.1	1	14
165 183	7.1	1	14
166 182	7.1	1	14
167 181	7.1	1	14
169 180	7.1	1	14
170 179	7.1	1	14
171 178	7.1	1	14
172 177	7.1	1	14
233 268	7.1	1	14
234 267	7.1	1	14
235 266	7.1	1	14
236 265	7.1	1	14
237 264	7.1	1	14
238 263	7.1	1	14
239 262	7.1	1	14
240 261	7.1	1	14
241 260	7.1	1	14
271 308	7.1	1	14
272 307	7.1	1	14
273 306	7.1	1	14
275 305	7.1	1	14
276 304	7.1	1	14
277 303	7.1	1	14
278 302	7.1	1	14
279 301	7.1	1	14
280 298	7.1	1	14
281 297	7.1	1	14
282 296	7.1	1	14
283 295	7.1	1	14
284 294	7.1	1	14
285 293	7.1	1	14
286 292	7.1	1	14
287 291	7.1	1	14
314 352	7.1	1	14
315 342	7.1	1	14
316 341	7.1	1	14
317 340	7.1	1	14
318 336	7.1	1	14
319 335	7.1	1	14
320 334	7.1	1	14
321 331	7.1	1	14
322 330	7.1	1	14
323 329	7.1	1	14
324 328	7.1	1	14
2018 2077	7.1	1	14
2019 2076	7.1	1	14
2020 2075	7.1	1	14
2021 2074	7.1	1	14
2022 2073	7.1	1	14
2023 2072	7.1	1	14
2024 2071	7.1	1	14
2025 2070	7.1	1	14
2026 2069	7.1	1	14
2027 2068	7.1	1	14
2028 2067	7.1	1	14
2029 2066	7.1	1	14
2030 2065	7.1	1	14
2031 2064	7.1	1	14
2032 2063	7.1	1	14
3635 3723	21.4	3	14
3636 3722	21.4	3	14
3637 3721	21.4	3	14
3638 3720	21.4	3	14
3639 3719	21.4	3	14
3640 3718	21.4	3	14
3641 3717	21.4	3	14
4663 4674	7.1	1	14
4664 4673	7.1	1	14
6067 6188	7.1	1	14
6068 6187	7.1	1	14
6069 6186	7.1	1	14
6070 6185	7.1	1	14
6071 6184	7.1	1	14
6072 6183	7.1	1	14
6073 6182	7.1	1	14
6074 6181	7.1	1	14
6075 6180	7.1	1	14
6746 6863	7.1	1	14
8422 8508	7.1	1	14
8423 8507	7.1	1	14
8424 8506	7.1	1	14
8425 8505	7.1	1	14
8426 8504	7.1	1	14
8432 8499	7.1	1	14
8433 8498	7.1	1	14
8436 8471	7.1	1	14
8438 8470	7.1	1	14
8439 8469	7.1	1	14
8440 8468	7.1	1	14
8441 8467	7.1	1	14
8443 8465	7.1	1	14
8444 8464	7.1	1	14
8445 8463	7.1	1	14
8446 8462	7.1	1	14
8447 8461	7.1	1	14
8448 8460	7.1	1	14
8449 8459	7.1	1	14
8450 8458	7.1	1	14
8451 8457	7.1	1	14
8452 8456	7.1	1	14
129 250	7.1	1	14
130 249	7.1	1	14
131 248	7.1	1	14
132 247	7.1	1	14
133 246	7.1	1	14
137 190	7.1	1	14
138 189	7.1	1	14
140 187	7.1	1	14
141 186	7.1	1	14
142 185	7.1	1	14
143 184	7.1	1	14
144 183	7.1	1	14
145 182	7.1	1	14
149 181	7.1	1	14
150 180	7.1	1	14
151 179	7.1	1	14
152 178	7.1	1	14
153 165	7.1	1	14
154 164	7.1	1	14
155 163	7.1	1	14
156 162	7.1	1	14
157 161	7.1	1	14
203 223	7.1	1	14
204 222	7.1	1	14
205 221	7.1	1	14
206 219	7.1	1	14
207 218	7.1	1	14
208 217	7.1	1	14
209 216	7.1	1	14
230 245	7.1	1	14
231 244	7.1	1	14
232 243	7.1	1	14
233 242	7.1	1	14
234 241	7.1	1	14
235 240	7.1	1	14
340 412	7.1	1	14
341 411	7.1	1	14
1494 1513	14.3	2	14
1495 1512	14.3	2	14
1496 1511	14.3	2	14
1497 1510	14.3	2	14
1498 1509	14.3	2	14
1499 1508	14.3	2	14
1500 1507	14.3	2	14
1514 1533	7.1	1	14
1515 1532	7.1	1	14
1516 1531	7.1	1	14
1517 1530	7.1	1	14
1518 1529	7.1	1	14
1520 1527	7.1	1	14
1521 1526	7.1	1	14
1706 1813	7.1	1	14
1707 1809	7.1	1	14
1708 1808	7.1	1	14
1709 1807	7.1	1	14
1710 1806	7.1	1	14
1711 1805	7.1	1	14
1716 1728	7.1	1	14
1717 1727	7.1	1	14
1718 1726	7.1	1	14
1719 1725	7.1	1	14
1720 1724	7.1	1	14
1736 1799	7.1	1	14
1737 1798	7.1	1	14
1738 1797	14.3	2	14
1739 1796	14.3	2	14
1740 1795	14.3	2	14
1741 1794	7.1	1	14
1742 1793	14.3	2	14
1743 1792	14.3	2	14
1744 1791	14.3	2	14
1745 1790	14.3	2	14
1746 1789	14.3	2	14
1748 1787	14.3	2	14
1749 1786	14.3	2	14
1750 1785	14.3	2	14
1752 1784	14.3	2	14
1753 1783	14.3	2	14
1755 1781	14.3	2	14
1756 1780	14.3	2	14
1758 1778	7.1	1	14
1759 1777	7.1	1	14
1760 1776	7.1	1	14
1761 1775	7.1	1	14
1762 1774	7.1	1	14
1763 1773	7.1	1	14
2065 2170	7.1	1	14
2066 2169	7.1	1	14
2067 2168	7.1	1	14
2068 2167	7.1	1	14
2070 2165	7.1	1	14
2071 2164	7.1	1	14
2072 2163	7.1	1	14
2073 2162	7.1	1	14
2074 2161	7.1	1	14
2488 2598	7.1	1	14
3279 3367	7.1	1	14
3316 3360	7.1	1	14
3317 3359	7.1	1	14
3318 3358	7.1	1	14
3319 3357	7.1	1	14
3320 3356	7.1	1	14
3321 3355	7.1	1	14
3322 3354	7.1	1	14
3323 3353	7.1	1	14
3324 3352	7.1	1	14
3325 3351	7.1	1	14
3326 3350	7.1	1	14
3328 3349	7.1	1	14
3329 3348	7.1	1	14
3331 3347	7.1	1	14
3332 3346	7.1	1	14
3334 3344	7.1	1	14
3335 3343	7.1	1	14
3586 3631	7.1	1	14
3587 3627	7.1	1	14
3588 3626	7.1	1	14
3589 3625	7.1	1	14
3590 3624	7.1	1	14
3591 3623	7.1	1	14
3592 3622	7.1	1	14
3593 3609	7.1	1	14
3594 3608	7.1	1	14
3595 3607	7.1	1	14
3596 3606	7.1	1	14
3597 3605	7.1	1	14
3598 3604	7.1	1	14
3599 3603	7.1	1	14
3642 3716	14.3	2	14
3643 3715	7.1	1	14
3644 3714	7.1	1	14
3645 3713	7.1	1	14
3646 3712	7.1	1	14
3647 3660	7.1	1	14
3649 3659	14.3	2	14
3650 3658	14.3	2	14
3651 3657	7.1	1	14
3724 3735	14.3	2	14
3725 3734	14.3	2	14
3726 3733	14.3	2	14
3748 3761	7.1	1	14
3749 3760	7.1	1	14
3750 3759	7.1	1	14
5097 5208	7.1	1	14
5098 5206	7.1	1	14
5100 5204	7.1	1	14
5101 5203	7.1	1	14
5102 5202	7.1	1	14
5103 5201	7.1	1	14
5105 5200	7.1	1	14
5106 5199	7.1	1	14
5107 5198	7.1	1	14
5108 5197	7.1	1	14
5109 5196	7.1	1	14
5110 5195	7.1	1	14
5451 5557	7.1	1	14
5453 5555	7.1	1	14
5454 5554	7.1	1	14
5455 5553	7.1	1	14
5456 5552	7.1	1	14
5457 5551	7.1	1	14
5458 5550	7.1	1	14
5459 5544	7.1	1	14
5460 5543	7.1	1	14
5461 5542	7.1	1	14
5464 5541	7.1	1	14
5465 5540	7.1	1	14
5466 5539	7.1	1	14
5467 5538	7.1	1	14
5468 5537	7.1	1	14
5469 5536	7.1	1	14
5470 5535	7.1	1	14
5471 5534	7.1	1	14
5472 5533	7.1	1	14
5473 5527	7.1	1	14
5474 5526	7.1	1	14
5475 5525	7.1	1	14
5476 5524	7.1	1	14
5477 5514	7.1	1	14
5478 5513	7.1	1	14
5483 5512	7.1	1	14
5484 5511	7.1	1	14
5485 5510	7.1	1	14
5486 5508	7.1	1	14
5487 5507	7.1	1	14
5488 5506	7.1	1	14
5489 5505	7.1	1	14
5490 5502	7.1	1	14
5491 5501	7.1	1	14
5492 5500	7.1	1	14
5493 5499	7.1	1	14
7482 7600	7.1	1	14
7483 7599	7.1	1	14
7484 7598	14.3	2	14
7485 7597	14.3	2	14
7501 7596	7.1	1	14
7502 7595	7.1	1	14
7503 7590	7.1	1	14
7504 7589	7.1	1	14
7505 7588	7.1	1	14
7509 7584	7.1	1	14
7510 7583	14.3	2	14
7511 7582	14.3	2	14
7513 7580	14.3	2	14
7514 7579	14.3	2	14
7515 7578	14.3	2	14
7516 7577	14.3	2	14
7517 7576	14.3	2	14
7518 7575	14.3	2	14
7519 7572	14.3	2	14
7520 7571	14.3	2	14
7521 7570	14.3	2	14
7522 7569	21.4	3	14
7523 7568	21.4	3	14
7524 7567	21.4	3	14
7525 7566	14.3	2	14
7916 8028	7.1	1	14
10515 10621	7.1	1	14
10516 10620	7.1	1	14
10520 10617	7.1	1	14
10521 10616	7.1	1	14
10522 10615	7.1	1	14
10525 10608	7.1	1	14
10526 10607	7.1	1	14
10527 10606	7.1	1	14
10529 10603	7.1	1	14
10530 10602	7.1	1	14
10531 10601	7.1	1	14
10533 10598	7.1	1	14
10534 10597	7.1	1	14
10535 10596	7.1	1	14
10536 10595	7.1	1	14
10537 10591	7.1	1	14
10538 10590	7.1	1	14
10539 10589	7.1	1	14
125 149	7.1	1	14
126 148	7.1	1	14
127 147	7.1	1	14
213 290	7.1	1	14
214 289	7.1	1	14
215 288	7.1	1	14
216 287	7.1	1	14
217 286	7.1	1	14
218 243	7.1	1	14
220 241	7.1	1	14
221 240	7.1	1	14
383 488	7.1	1	14
384 487	7.1	1	14
385 485	7.1	1	14
994 1103	7.1	1	14
1004 1094	7.1	1	14
1005 1093	7.1	1	14
1630 1715	7.1	1	14
1631 1714	7.1	1	14
1632 1713	7.1	1	14
1633 1712	7.1	1	14
1634 1711	7.1	1	14
1635 1708	7.1	1	14
1636 1707	7.1	1	14
1637 1706	7.1	1	14
1638 1705	7.1	1	14
1639 1704	7.1	1	14
1640 1703	7.1	1	14
1641 1702	7.1	1	14
1642 1701	7.1	1	14
1644 1699	7.1	1	14
3138 3233	7.1	1	14
3139 3232	7.1	1	14
3140 3231	7.1	1	14
3141 3230	7.1	1	14
3142 3229	7.1	1	14
3143 3228	7.1	1	14
3145 3227	7.1	1	14
3146 3226	7.1	1	14
3147 3225	7.1	1	14
3525 3543	7.1	1	14
5859 5896	7.1	1	14
5860 5895	7.1	1	14
5861 5894	7.1	1	14
5862 5893	7.1	1	14
5863 5892	7.1	1	14
5864 5891	7.1	1	14
5865 5890	7.1	1	14
5866 5889	7.1	1	14
5867 5888	7.1	1	14
5868 5887	7.1	1	14
5869 5886	7.1	1	14
5870 5885	7.1	1	14
5871 5884	7.1	1	14
5872 5883	7.1	1	14
5873 5882	7.1	1	14
5874 5881	7.1	1	14
5901 5955	7.1	1	14
5902 5954	7.1	1	14
5903 5953	7.1	1	14
5904 5952	7.1	1	14
5909 5947	7.1	1	14
5910 5946	7.1	1	14
5912 5940	7.1	1	14
5913 5939	7.1	1	14
5914 5938	7.1	1	14
5916 5936	7.1	1	14
5917 5935	7.1	1	14
5918 5934	7.1	1	14
5919 5932	7.1	1	14
5920 5931	7.1	1	14
5921 5930	7.1	1	14
6238 6245	7.1	1	14
6254 6334	7.1	1	14
6255 6333	7.1	1	14
6256 6332	7.1	1	14
6257 6331	7.1	1	14
6258 6330	7.1	1	14
6259 6329	7.1	1	14
6260 6328	7.1	1	14
6262 6323	7.1	1	14
6263 6322	7.1	1	14
6264 6321	7.1	1	14
6265 6319	7.1	1	14
6266 6318	7.1	1	14
6267 6317	7.1	1	14
6268 6316	7.1	1	14
6269 6315	7.1	1	14
6270 6314	7.1	1	14
6275 6302	7.1	1	14
6276 6301	7.1	1	14
6277 6300	7.1	1	14
6278 6299	7.1	1	14
6279 6298	7.1	1	14
6280 6297	7.1	1	14
6281 6296	7.1	1	14
6282 6295	7.1	1	14
6283 6294	7.1	1	14
6284 6293	7.1	1	14
6285 6292	7.1	1	14
6286 6291	7.1	1	14
6306 6313	7.1	1	14
6307 6312	7.1	1	14
6413 6526	7.1	1	14
7526 7565	7.1	1	14
7528 7563	7.1	1	14
7529 7562	7.1	1	14
7530 7561	7.1	1	14
8570 8595	7.1	1	14
8571 8594	7.1	1	14
8572 8593	7.1	1	14
8573 8592	7.1	1	14
8574 8591	7.1	1	14
286 300	7.1	1	14
287 299	7.1	1	14
288 298	7.1	1	14
289 297	7.1	1	14
290 296	7.1	1	14
291 295	7.1	1	14
341 423	7.1	1	14
342 422	7.1	1	14
344 420	7.1	1	14
345 416	7.1	1	14
346 415	7.1	1	14
347 414	7.1	1	14
348 413	7.1	1	14
349 412	7.1	1	14
350 411	7.1	1	14
354 409	7.1	1	14
355 408	7.1	1	14
356 406	7.1	1	14
357 405	7.1	1	14
358 404	7.1	1	14
359 402	7.1	1	14
360 401	7.1	1	14
361 400	7.1	1	14
369 392	7.1	1	14
372 390	7.1	1	14
373 389	7.1	1	14
374 388	7.1	1	14
375 387	7.1	1	14
376 386	7.1	1	14
377 385	7.1	1	14
378 384	7.1	1	14
379 383	7.1	1	14
634 692	7.1	1	14
635 691	7.1	1	14
642 685	7.1	1	14
643 684	7.1	1	14
644 683	7.1	1	14
645 682	7.1	1	14
646 680	7.1	1	14
647 679	7.1	1	14
648 678	7.1	1	14
649 677	7.1	1	14
650 676	7.1	1	14
651 675	7.1	1	14
653 673	7.1	1	14
654 672	7.1	1	14
655 671	7.1	1	14
657 669	7.1	1	14
658 668	7.1	1	14
659 667	7.1	1	14
660 666	7.1	1	14
874 959	7.1	1	14
875 958	7.1	1	14
876 957	7.1	1	14
877 956	7.1	1	14
1460 1536	7.1	1	14
1461 1535	7.1	1	14
1464 1532	7.1	1	14
1465 1531	7.1	1	14
1466 1530	7.1	1	14
1469 1527	7.1	1	14
1470 1526	7.1	1	14
1485 1523	7.1	1	14
1486 1522	7.1	1	14
1487 1521	7.1	1	14
1488 1520	7.1	1	14
1489 1518	7.1	1	14
1490 1517	7.1	1	14
1491 1516	7.1	1	14
1492 1515	7.1	1	14
1562 1569	7.1	1	14
1707 1812	7.1	1	14
1708 1811	7.1	1	14
1710 1809	7.1	1	14
1711 1808	7.1	1	14
1736 1802	7.1	1	14
1737 1801	7.1	1	14
3692 3711	7.1	1	14
3788 3876	7.1	1	14
3792 3875	7.1	1	14
3793 3874	7.1	1	14
3795 3872	7.1	1	14
3796 3871	7.1	1	14
3799 3868	7.1	1	14
3800 3867	7.1	1	14
3801 3866	7.1	1	14
3802 3865	7.1	1	14
3807 3861	7.1	1	14
3808 3860	7.1	1	14
3809 3859	7.1	1	14
3810 3858	7.1	1	14
3811 3857	7.1	1	14
5422 5448	7.1	1	14
5423 5447	7.1	1	14
5424 5446	7.1	1	14
5425 5445	7.1	1	14
5426 5444	7.1	1	14
5427 5443	7.1	1	14
5428 5442	7.1	1	14
5429 5441	7.1	1	14
5430 5440	7.1	1	14
5431 5439	7.1	1	14
5432 5438	7.1	1	14
5449 5472	14.3	2	14
5450 5471	14.3	2	14
5451 5470	14.3	2	14
5452 5469	14.3	2	14
5453 5468	7.1	1	14
5455 5467	7.1	1	14
5456 5466	7.1	1	14
5457 5465	7.1	1	14
5458 5464	7.1	1	14
7486 7596	7.1	1	14
7487 7595	7.1	1	14
7489 7590	7.1	1	14
7490 7589	7.1	1	14
7491 7588	7.1	1	14
7494 7584	7.1	1	14
7512 7581	7.1	1	14
7525 7565	7.1	1	14
7526 7564	7.1	1	14
7527 7563	7.1	1	14
7529 7561	7.1	1	14
7530 7559	7.1	1	14
7531 7558	7.1	1	14
7532 7557	7.1	1	14
7533 7556	7.1	1	14
7534 7555	7.1	1	14
7535 7554	7.1	1	14
7536 7553	7.1	1	14
7537 7552	7.1	1	14
7538 7550	7.1	1	14
7539 7548	7.1	1	14
7540 7547	7.1	1	14
7541 7546	7.1	1	14
8410 8521	7.1	1	14
8411 8520	7.1	1	14
8412 8519	7.1	1	14
8413 8518	7.1	1	14
8414 8517	7.1	1	14
8415 8515	7.1	1	14
8419 8511	7.1	1	14
8759 8818	7.1	1	14
8760 8817	7.1	1	14
8761 8816	7.1	1	14
8762 8815	7.1	1	14
8763 8814	7.1	1	14
8764 8813	7.1	1	14
8766 8809	7.1	1	14
8767 8808	7.1	1	14
8768 8807	7.1	1	14
8769 8806	7.1	1	14
8773 8804	7.1	1	14
8774 8803	7.1	1	14
8775 8802	7.1	1	14
8776 8801	7.1	1	14
9642 9689	7.1	1	14
9644 9687	7.1	1	14
9645 9686	7.1	1	14
9646 9685	7.1	1	14
9648 9683	7.1	1	14
10183 10207	7.1	1	14
10184 10206	7.1	1	14
10185 10205	7.1	1	14
10186 10204	7.1	1	14
10187 10203	7.1	1	14
10188 10202	7.1	1	14
10189 10201	7.1	1	14
10222 10236	7.1	1	14
10223 10235	7.1	1	14
10224 10234	7.1	1	14
10225 10233	7.1	1	14
10238 10316	7.1	1	14
10240 10314	7.1	1	14
10241 10313	7.1	1	14
10244 10308	7.1	1	14
10245 10307	7.1	1	14
10247 10304	7.1	1	14
10248 10303	7.1	1	14
10249 10302	7.1	1	14
10254 10298	7.1	1	14
10255 10296	7.1	1	14
10256 10295	7.1	1	14
10257 10294	7.1	1	14
10258 10283	7.1	1	14
10259 10282	7.1	1	14
10260 10281	7.1	1	14
10261 10280	7.1	1	14
10262 10279	7.1	1	14
10263 10278	7.1	1	14
10264 10277	7.1	1	14
10265 10276	7.1	1	14
10266 10275	7.1	1	14
10267 10274	7.1	1	14
11313 11329	7.1	1	14
11314 11328	7.1	1	14
11315 11327	7.1	1	14
11316 11326	7.1	1	14
11317 11325	7.1	1	14
11318 11324	7.1	1	14
11319 11323	7.1	1	14
11330 11346	7.1	1	14
11331 11345	7.1	1	14
11332 11344	7.1	1	14
11333 11343	7.1	1	14
11334 11342	7.1	1	14
11335 11341	7.1	1	14
11539 11477	7.1	1	14
11538 11478	7.1	1	14
11537 11479	7.1	1	14
11536 11480	7.1	1	14
11535 11481	7.1	1	14
11534 11482	7.1	1	14
11533 11483	7.1	1	14
11530 11485	7.1	1	14
11529 11486	7.1	1	14
11528 11487	7.1	1	14
11527 11488	7.1	1	14
11526 11489	7.1	1	14
11525 11490	7.1	1	14
11524 11491	7.1	1	14
11523 11492	7.1	1	14
11522 11496	7.1	1	14
11521 11497	7.1	1	14
11520 11498	7.1	1	14
11519 11499	7.1	1	14
11518 11500	7.1	1	14
11517 11501	7.1	1	14
11516 11502	7.1	1	14
11515 11503	7.1	1	14
11514 11504	7.1	1	14
11513 11505	7.1	1	14
11541 11476	7.1	1	14
11542 11475	7.1	1	14
5 76	7.1	1	14
6 75	7.1	1	14
7 74	7.1	1	14
8 73	7.1	1	14
9 72	7.1	1	14
10 71	7.1	1	14
11 70	7.1	1	14
78 129	7.1	1	14
79 128	7.1	1	14
80 127	7.1	1	14
81 126	7.1	1	14
82 125	7.1	1	14
83 124	7.1	1	14
84 123	7.1	1	14
87 120	7.1	1	14
88 119	7.1	1	14
89 118	7.1	1	14
90 99	7.1	1	14
143 203	7.1	1	14
144 202	7.1	1	14
145 201	7.1	1	14
146 200	7.1	1	14
147 199	7.1	1	14
148 198	7.1	1	14
149 197	7.1	1	14
250 270	7.1	1	14
251 269	7.1	1	14
252 268	7.1	1	14
253 267	7.1	1	14
254 266	7.1	1	14
255 265	7.1	1	14
256 264	7.1	1	14
257 263	7.1	1	14
274 325	7.1	1	14
275 324	7.1	1	14
276 323	7.1	1	14
277 322	7.1	1	14
278 321	7.1	1	14
279 320	7.1	1	14
280 319	7.1	1	14
281 318	7.1	1	14
282 317	7.1	1	14
289 315	7.1	1	14
290 314	7.1	1	14
291 313	7.1	1	14
292 303	7.1	1	14
293 302	7.1	1	14
294 301	7.1	1	14
295 300	7.1	1	14
404 512	7.1	1	14
575 689	7.1	1	14
576 688	7.1	1	14
579 685	7.1	1	14
580 684	7.1	1	14
581 683	7.1	1	14
582 682	7.1	1	14
587 678	7.1	1	14
588 677	7.1	1	14
589 676	7.1	1	14
590 675	7.1	1	14
591 674	7.1	1	14
592 673	7.1	1	14
1284 1373	7.1	1	14
1285 1372	7.1	1	14
1286 1371	7.1	1	14
1287 1370	7.1	1	14
1288 1369	7.1	1	14
1291 1367	7.1	1	14
1292 1366	7.1	1	14
1293 1365	7.1	1	14
1294 1364	7.1	1	14
1296 1362	7.1	1	14
1297 1361	7.1	1	14
1298 1360	7.1	1	14
1299 1359	7.1	1	14
1301 1357	7.1	1	14
1304 1352	7.1	1	14
1305 1351	7.1	1	14
1306 1350	7.1	1	14
1307 1349	7.1	1	14
1308 1348	7.1	1	14
1309 1347	7.1	1	14
1311 1345	7.1	1	14
1312 1344	7.1	1	14
1314 1341	7.1	1	14
1315 1340	7.1	1	14
1316 1339	7.1	1	14
1317 1338	7.1	1	14
1318 1337	7.1	1	14
1319 1336	7.1	1	14
1320 1335	7.1	1	14
1321 1334	7.1	1	14
1322 1333	7.1	1	14
1323 1332	7.1	1	14
1324 1331	7.1	1	14
1698 1750	7.1	1	14
1699 1749	7.1	1	14
1700 1748	7.1	1	14
1701 1747	7.1	1	14
1702 1746	7.1	1	14
1703 1742	7.1	1	14
1704 1741	7.1	1	14
1705 1740	7.1	1	14
1706 1739	7.1	1	14
1707 1738	7.1	1	14
1708 1737	7.1	1	14
1709 1736	7.1	1	14
1710 1735	7.1	1	14
1991 2001	7.1	1	14
1992 2000	7.1	1	14
1993 1999	7.1	1	14
1994 1998	7.1	1	14
2025 2132	7.1	1	14
2026 2131	7.1	1	14
2027 2130	7.1	1	14
2028 2129	7.1	1	14
2029 2126	7.1	1	14
2030 2125	7.1	1	14
2031 2124	7.1	1	14
2032 2123	7.1	1	14
2033 2122	7.1	1	14
2034 2121	7.1	1	14
2035 2120	7.1	1	14
2036 2119	7.1	1	14
2038 2117	7.1	1	14
2039 2116	7.1	1	14
2041 2115	7.1	1	14
2042 2114	7.1	1	14
2043 2113	7.1	1	14
2044 2112	7.1	1	14
2045 2111	7.1	1	14
2047 2110	7.1	1	14
2048 2109	7.1	1	14
2049 2106	7.1	1	14
2050 2105	7.1	1	14
2051 2104	7.1	1	14
2052 2103	7.1	1	14
3621 3740	7.1	1	14
3623 3738	7.1	1	14
3624 3737	7.1	1	14
3625 3736	7.1	1	14
3626 3735	7.1	1	14
3635 3732	7.1	1	14
3636 3731	7.1	1	14
3637 3730	7.1	1	14
3638 3729	7.1	1	14
3639 3728	7.1	1	14
3640 3727	7.1	1	14
3641 3726	7.1	1	14
3642 3725	7.1	1	14
3643 3724	7.1	1	14
3644 3723	7.1	1	14
3645 3677	7.1	1	14
3647 3675	7.1	1	14
3648 3674	7.1	1	14
3649 3673	7.1	1	14
3650 3672	7.1	1	14
3651 3671	7.1	1	14
3652 3670	7.1	1	14
3655 3664	7.1	1	14
3656 3663	7.1	1	14
3657 3662	7.1	1	14
3689 3715	7.1	1	14
3690 3714	7.1	1	14
3691 3713	7.1	1	14
3692 3712	7.1	1	14
3693 3711	7.1	1	14
4610 4708	7.1	1	14
4611 4707	7.1	1	14
4612 4706	7.1	1	14
4613 4705	7.1	1	14
4614 4704	7.1	1	14
4615 4703	7.1	1	14
4616 4702	7.1	1	14
4617 4701	7.1	1	14
4618 4700	7.1	1	14
4619 4699	7.1	1	14
4620 4698	7.1	1	14
4621 4697	7.1	1	14
4622 4696	7.1	1	14
4623 4695	7.1	1	14
4624 4694	7.1	1	14
4625 4693	7.1	1	14
4626 4692	7.1	1	14
4628 4690	7.1	1	14
4629 4689	7.1	1	14
4630 4688	7.1	1	14
4631 4687	7.1	1	14
4632 4686	7.1	1	14
4633 4685	7.1	1	14
4635 4684	7.1	1	14
4636 4683	7.1	1	14
4637 4682	7.1	1	14
4638 4681	7.1	1	14
4641 4678	7.1	1	14
4642 4677	7.1	1	14
4643 4676	7.1	1	14
4644 4675	7.1	1	14
4645 4674	7.1	1	14
4648 4670	7.1	1	14
4649 4669	7.1	1	14
4650 4668	7.1	1	14
4651 4667	7.1	1	14
4652 4666	7.1	1	14
4653 4665	7.1	1	14
4654 4664	7.1	1	14
4656 4662	7.1	1	14
4657 4661	7.1	1	14
5089 5115	7.1	1	14
5090 5114	7.1	1	14
5092 5112	7.1	1	14
5093 5111	7.1	1	14
5094 5110	7.1	1	14
5095 5109	7.1	1	14
5098 5108	7.1	1	14
5099 5107	7.1	1	14
5116 5170	7.1	1	14
5117 5169	7.1	1	14
5118 5168	7.1	1	14
5119 5167	7.1	1	14
5121 5164	7.1	1	14
5122 5163	7.1	1	14
5123 5162	7.1	1	14
5124 5161	7.1	1	14
5125 5160	7.1	1	14
5126 5159	7.1	1	14
5128 5157	7.1	1	14
5129 5156	7.1	1	14
5130 5155	7.1	1	14
5131 5154	7.1	1	14
5132 5153	7.1	1	14
5133 5152	7.1	1	14
5134 5151	7.1	1	14
5136 5149	7.1	1	14
5137 5148	7.1	1	14
5138 5147	7.1	1	14
5139 5146	7.1	1	14
5627 5709	7.1	1	14
5628 5708	7.1	1	14
5629 5707	7.1	1	14
5631 5706	7.1	1	14
5632 5705	7.1	1	14
5633 5704	7.1	1	14
5634 5703	7.1	1	14
5636 5701	7.1	1	14
5637 5700	7.1	1	14
5638 5699	7.1	1	14
5639 5698	7.1	1	14
5640 5697	7.1	1	14
6299 6416	7.1	1	14
6302 6413	7.1	1	14
6303 6412	7.1	1	14
6304 6411	7.1	1	14
6306 6409	7.1	1	14
6307 6408	7.1	1	14
6308 6407	7.1	1	14
6309 6406	7.1	1	14
6313 6405	7.1	1	14
6315 6403	7.1	1	14
6316 6402	7.1	1	14
6317 6401	7.1	1	14
6318 6400	7.1	1	14
6319 6399	7.1	1	14
6321 6397	7.1	1	14
6322 6396	7.1	1	14
6323 6395	7.1	1	14
6324 6394	7.1	1	14
6328 6393	7.1	1	14
6329 6392	7.1	1	14
6330 6391	7.1	1	14
6333 6389	7.1	1	14
6334 6388	7.1	1	14
6336 6387	7.1	1	14
6338 6385	7.1	1	14
6624 6722	7.1	1	14
6625 6721	7.1	1	14
6628 6718	7.1	1	14
6630 6716	7.1	1	14
6631 6715	7.1	1	14
6632 6714	7.1	1	14
6633 6713	7.1	1	14
6634 6712	7.1	1	14
6635 6710	7.1	1	14
6636 6709	7.1	1	14
6637 6708	7.1	1	14
6642 6703	7.1	1	14
6643 6696	7.1	1	14
6644 6695	7.1	1	14
6645 6694	7.1	1	14
6646 6693	7.1	1	14
6647 6692	7.1	1	14
6648 6691	7.1	1	14
6649 6690	7.1	1	14
6651 6688	7.1	1	14
6652 6687	7.1	1	14
6653 6686	7.1	1	14
6654 6685	7.1	1	14
6655 6684	7.1	1	14
6657 6683	7.1	1	14
6658 6682	7.1	1	14
6659 6681	7.1	1	14
6660 6680	7.1	1	14
6661 6679	7.1	1	14
6662 6678	7.1	1	14
6664 6676	7.1	1	14
6665 6675	7.1	1	14
6666 6674	7.1	1	14
6667 6673	7.1	1	14
6668 6672	7.1	1	14
7033 7127	7.1	1	14
7034 7126	7.1	1	14
7036 7124	7.1	1	14
7037 7123	7.1	1	14
7038 7122	7.1	1	14
7039 7121	7.1	1	14
7040 7120	7.1	1	14
7041 7119	7.1	1	14
7042 7118	7.1	1	14
7043 7117	7.1	1	14
7044 7116	7.1	1	14
7046 7053	7.1	1	14
7047 7052	7.1	1	14
7381 7487	7.1	1	14
7383 7485	7.1	1	14
7384 7484	7.1	1	14
7385 7483	7.1	1	14
7700 7788	7.1	1	14
7701 7787	7.1	1	14
7702 7786	7.1	1	14
7703 7785	7.1	1	14
7704 7784	7.1	1	14
7705 7783	7.1	1	14
7706 7782	7.1	1	14
7707 7781	7.1	1	14
7708 7780	7.1	1	14
7710 7776	7.1	1	14
7711 7775	7.1	1	14
7712 7774	7.1	1	14
7713 7773	7.1	1	14
7714 7772	7.1	1	14
7716 7771	7.1	1	14
7717 7770	7.1	1	14
7718 7769	7.1	1	14
7719 7768	7.1	1	14
7728 7762	7.1	1	14
7729 7761	7.1	1	14
7730 7760	7.1	1	14
7732 7758	7.1	1	14
7733 7757	7.1	1	14
7734 7756	7.1	1	14
7735 7755	7.1	1	14
7736 7754	7.1	1	14
7741 7748	7.1	1	14
7742 7747	7.1	1	14
8095 8220	7.1	1	14
8096 8219	7.1	1	14
8097 8218	7.1	1	14
8098 8217	7.1	1	14
8099 8216	7.1	1	14
8100 8215	7.1	1	14
8101 8214	7.1	1	14
8103 8212	7.1	1	14
8104 8211	7.1	1	14
9464 9475	7.1	1	14
9465 9474	7.1	1	14
9499 9575	7.1	1	14
9500 9574	7.1	1	14
9501 9573	7.1	1	14
9502 9572	7.1	1	14
9503 9571	7.1	1	14
9504 9570	7.1	1	14
9505 9569	7.1	1	14
9506 9568	7.1	1	14
9507 9565	7.1	1	14
9508 9564	7.1	1	14
9509 9563	7.1	1	14
9510 9562	7.1	1	14
9512 9560	7.1	1	14
9514 9558	7.1	1	14
9518 9555	7.1	1	14
10856 10895	7.1	1	14
10857 10894	7.1	1	14
10870 10891	7.1	1	14
10871 10890	7.1	1	14
10872 10889	7.1	1	14
10873 10888	7.1	1	14
10874 10887	7.1	1	14
10875 10886	7.1	1	14
10917 10967	7.1	1	14
10918 10966	7.1	1	14
10919 10965	7.1	1	14
10925 10946	7.1	1	14
10926 10945	7.1	1	14
10927 10944	7.1	1	14
10928 10943	7.1	1	14
10929 10942	7.1	1	14
10930 10941	7.1	1	14
10947 10964	7.1	1	14
10948 10963	7.1	1	14
10949 10962	7.1	1	14
10950 10961	7.1	1	14
10951 10960	7.1	1	14
11399 11416	7.1	1	14
11400 11415	7.1	1	14
11401 11414	7.1	1	14
11402 11413	7.1	1	14
11403 11412	7.1	1	14
11404 11411	7.1	1	14
11405 11410	7.1	1	14
11421 11437	7.1	1	14
11422 11436	7.1	1	14
11423 11435	7.1	1	14
11424 11434	7.1	1	14
11425 11433	7.1	1	14
11426 11432	7.1	1	14
11439 11452	7.1	1	14
11440 11451	7.1	1	14
11441 11450	7.1	1	14
11442 11449	7.1	1	14
11443 11448	7.1	1	14
11512 11454	7.1	1	14
11504 11457	7.1	1	14
11503 11458	7.1	1	14
11502 11459	7.1	1	14
11501 11460	7.1	1	14
11500 11461	7.1	1	14
11473 11462	7.1	1	14
11472 11463	7.1	1	14
11471 11464	7.1	1	14
11470 11465	7.1	1	14
11492 11475	7.1	1	14
11491 11476	7.1	1	14
11490 11477	7.1	1	14
11489 11478	7.1	1	14
11488 11479	7.1	1	14
11574 11510	7.1	1	14
11573 11511	7.1	1	14
11571 11513	7.1	1	14
11570 11514	7.1	1	14
11569 11515	7.1	1	14
11568 11516	7.1	1	14
11567 11517	7.1	1	14
11566 11521	7.1	1	14
11565 11522	7.1	1	14
11564 11523	7.1	1	14
11561 11526	7.1	1	14
11560 11527	7.1	1	14
11559 11528	7.1	1	14
11558 11529	7.1	1	14
11557 11530	7.1	1	14
11556 11531	7.1	1	14
11555 11532	7.1	1	14
11554 11533	7.1	1	14
11552 11534	7.1	1	14
11551 11535	7.1	1	14
11550 11536	7.1	1	14
11549 11537	7.1	1	14
11548 11538	7.1	1	14
11547 11539	7.1	1	14
137 158	7.1	1	14
175 198	7.1	1	14
176 197	7.1	1	14
177 196	7.1	1	14
178 195	7.1	1	14
200 245	7.1	1	14
201 244	7.1	1	14
202 243	7.1	1	14
203 242	7.1	1	14
204 241	7.1	1	14
205 240	7.1	1	14
206 239	7.1	1	14
207 238	7.1	1	14
215 230	7.1	1	14
323 417	7.1	1	14
324 416	7.1	1	14
325 415	7.1	1	14
326 414	7.1	1	14
327 413	7.1	1	14
328 412	7.1	1	14
329 411	7.1	1	14
330 410	7.1	1	14
331 409	7.1	1	14
332 408	7.1	1	14
647 740	7.1	1	14
648 739	7.1	1	14
649 738	7.1	1	14
650 737	7.1	1	14
651 736	7.1	1	14
652 735	7.1	1	14
653 734	7.1	1	14
654 733	7.1	1	14
655 732	7.1	1	14
656 731	7.1	1	14
657 730	7.1	1	14
659 725	7.1	1	14
660 724	7.1	1	14
1690 1785	7.1	1	14
1691 1784	7.1	1	14
1692 1783	7.1	1	14
1693 1782	7.1	1	14
1694 1781	7.1	1	14
1695 1780	7.1	1	14
1955 2043	7.1	1	14
1956 2042	7.1	1	14
1957 2041	7.1	1	14
1958 2040	7.1	1	14
1959 2039	7.1	1	14
1960 2038	7.1	1	14
1962 2034	7.1	1	14
1963 2033	7.1	1	14
1964 2032	7.1	1	14
1965 2031	7.1	1	14
1966 2030	7.1	1	14
1967 2029	7.1	1	14
1968 2028	7.1	1	14
1970 2027	7.1	1	14
1971 2026	7.1	1	14
1973 2025	7.1	1	14
1974 2024	7.1	1	14
1975 2023	7.1	1	14
2190 2244	7.1	1	14
2191 2243	7.1	1	14
2192 2242	7.1	1	14
2193 2241	7.1	1	14
2194 2240	7.1	1	14
2195 2239	7.1	1	14
2196 2238	7.1	1	14
2197 2237	7.1	1	14
2198 2236	7.1	1	14
2201 2234	7.1	1	14
2203 2232	7.1	1	14
2204 2231	7.1	1	14
2205 2230	7.1	1	14
2206 2229	7.1	1	14
2207 2227	7.1	1	14
2208 2226	7.1	1	14
2209 2225	7.1	1	14
2210 2224	7.1	1	14
2211 2223	7.1	1	14
2212 2222	7.1	1	14
2213 2221	7.1	1	14
2214 2220	7.1	1	14
2249 2317	7.1	1	14
2250 2316	7.1	1	14
2251 2315	7.1	1	14
2252 2314	7.1	1	14
2253 2313	7.1	1	14
2254 2312	7.1	1	14
2260 2308	7.1	1	14
2261 2307	7.1	1	14
2262 2306	7.1	1	14
2263 2305	7.1	1	14
2264 2304	7.1	1	14
2265 2303	7.1	1	14
2275 2302	7.1	1	14
2281 2294	7.1	1	14
2282 2293	7.1	1	14
2283 2292	7.1	1	14
2284 2291	7.1	1	14
2285 2290	7.1	1	14
3468 3506	7.1	1	14
3470 3492	7.1	1	14
3471 3491	7.1	1	14
3475 3490	7.1	1	14
3476 3489	7.1	1	14
3477 3488	7.1	1	14
3478 3487	7.1	1	14
5396 5416	7.1	1	14
5397 5415	7.1	1	14
5418 5444	7.1	1	14
5420 5442	7.1	1	14
5421 5441	7.1	1	14
5422 5440	7.1	1	14
5423 5439	7.1	1	14
5424 5438	7.1	1	14
5425 5437	7.1	1	14
5446 5475	7.1	1	14
5447 5474	7.1	1	14
5448 5473	7.1	1	14
5454 5467	7.1	1	14
5455 5466	7.1	1	14
5456 5465	7.1	1	14
5457 5464	7.1	1	14
6345 6405	7.1	1	14
6346 6404	7.1	1	14
6347 6403	7.1	1	14
6348 6402	7.1	1	14
6352 6401	7.1	1	14
6353 6400	7.1	1	14
6354 6399	7.1	1	14
6355 6398	7.1	1	14
6356 6397	7.1	1	14
6357 6396	7.1	1	14
6358 6395	7.1	1	14
6360 6394	7.1	1	14
6361 6393	7.1	1	14
6362 6392	7.1	1	14
6363 6391	7.1	1	14
6364 6390	7.1	1	14
6365 6389	7.1	1	14
6366 6388	7.1	1	14
6367 6387	7.1	1	14
6368 6381	7.1	1	14
6369 6380	7.1	1	14
6370 6379	7.1	1	14
6371 6378	7.1	1	14
6372 6377	7.1	1	14
6534 6650	7.1	1	14
6535 6649	7.1	1	14
6536 6648	7.1	1	14
6537 6647	7.1	1	14
6538 6646	7.1	1	14
8567 8590	7.1	1	14
8568 8589	7.1	1	14
8569 8588	7.1	1	14
8570 8587	7.1	1	14
8571 8586	7.1	1	14
8572 8585	7.1	1	14
8573 8584	7.1	1	14
8574 8583	7.1	1	14
8575 8582	7.1	1	14
8605 8646	7.1	1	14
8606 8645	7.1	1	14
8826 8870	7.1	1	14
8827 8869	7.1	1	14
8828 8868	7.1	1	14
8829 8867	7.1	1	14
8830 8866	7.1	1	14
8831 8865	7.1	1	14
8843 8863	7.1	1	14
8844 8862	7.1	1	14
8845 8861	7.1	1	14
8846 8860	7.1	1	14
8847 8859	7.1	1	14
8848 8858	7.1	1	14
8849 8857	7.1	1	14
8850 8856	7.1	1	14
9523 9554	7.1	1	14
9526 9551	7.1	1	14
9531 9548	7.1	1	14
9532 9547	7.1	1	14
9533 9546	7.1	1	14
9534 9545	7.1	1	14
9535 9544	7.1	1	14
10516 10589	7.1	1	14
10520 10588	7.1	1	14
10521 10587	7.1	1	14
10522 10586	7.1	1	14
10524 10584	7.1	1	14
10525 10583	7.1	1	14
10526 10582	7.1	1	14
10528 10580	7.1	1	14
10529 10573	7.1	1	14
10530 10572	7.1	1	14
10531 10571	7.1	1	14
10532 10570	7.1	1	14
10533 10568	7.1	1	14
10534 10567	7.1	1	14
10535 10566	7.1	1	14
10536 10565	7.1	1	14
10537 10564	7.1	1	14
10538 10563	7.1	1	14
10540 10562	7.1	1	14
10541 10561	7.1	1	14
10542 10560	7.1	1	14
10543 10559	7.1	1	14
10544 10558	7.1	1	14
10545 10557	7.1	1	14
10546 10555	7.1	1	14
10597 10629	7.1	1	14
10600 10626	7.1	1	14
10603 10622	7.1	1	14
10604 10621	7.1	1	14
10605 10620	7.1	1	14
10606 10619	7.1	1	14
10607 10618	7.1	1	14
10608 10617	7.1	1	14
10609 10616	7.1	1	14
10691 10724	7.1	1	14
10692 10723	7.1	1	14
10693 10722	7.1	1	14
10694 10721	7.1	1	14
10695 10720	7.1	1	14
10698 10717	7.1	1	14
10700 10715	7.1	1	14
10701 10714	7.1	1	14
10703 10712	7.1	1	14
10704 10711	7.1	1	14
10778 10726	7.1	1	14
10777 10727	7.1	1	14
10776 10728	7.1	1	14
10775 10729	7.1	1	14
10774 10730	7.1	1	14
10761 10736	7.1	1	14
10759 10738	7.1	1	14
10758 10739	7.1	1	14
10757 10740	7.1	1	14
10756 10741	7.1	1	14
10755 10742	7.1	1	14
10754 10743	7.1	1	14
10753 10744	7.1	1	14
10773 10764	7.1	1	14
10772 10765	7.1	1	14
10817 10790	7.1	1	14
10816 10791	7.1	1	14
10815 10792	7.1	1	14
10814 10793	7.1	1	14
10813 10794	7.1	1	14
10812 10795	7.1	1	14
10811 10796	7.1	1	14
10809 10798	7.1	1	14
10808 10799	7.1	1	14
10807 10800	7.1	1	14
10806 10801	7.1	1	14
10834 10819	7.1	1	14
240 385	7.1	1	14
398 447	7.1	1	14
399 446	7.1	1	14
400 445	7.1	1	14
401 443	7.1	1	14
402 442	7.1	1	14
403 441	7.1	1	14
404 440	7.1	1	14
405 439	7.1	1	14
406 438	7.1	1	14
407 437	7.1	1	14
413 433	7.1	1	14
414 432	7.1	1	14
415 431	7.1	1	14
416 430	7.1	1	14
417 429	7.1	1	14
418 428	7.1	1	14
419 427	7.1	1	14
420 426	7.1	1	14
451 481	7.1	1	14
452 480	7.1	1	14
453 479	7.1	1	14
454 478	7.1	1	14
455 477	7.1	1	14
457 475	7.1	1	14
458 474	7.1	1	14
459 473	7.1	1	14
460 472	7.1	1	14
461 471	7.1	1	14
462 470	7.1	1	14
463 469	7.1	1	14
1138 1240	7.1	1	14
1140 1238	7.1	1	14
1141 1237	7.1	1	14
1142 1236	7.1	1	14
1143 1235	7.1	1	14
1144 1234	7.1	1	14
1145 1233	7.1	1	14
1148 1230	7.1	1	14
1149 1229	7.1	1	14
1151 1227	7.1	1	14
1158 1226	7.1	1	14
1159 1225	7.1	1	14
1160 1224	7.1	1	14
1161 1223	7.1	1	14
1162 1222	7.1	1	14
1163 1220	7.1	1	14
1164 1219	7.1	1	14
1165 1218	7.1	1	14
1166 1217	7.1	1	14
1167 1216	7.1	1	14
1168 1215	7.1	1	14
1170 1212	7.1	1	14
1171 1211	7.1	1	14
1172 1210	7.1	1	14
1173 1209	7.1	1	14
1174 1208	7.1	1	14
1887 1901	7.1	1	14
1888 1900	7.1	1	14
1889 1899	7.1	1	14
1890 1898	7.1	1	14
1912 1972	7.1	1	14
1913 1971	7.1	1	14
1914 1970	7.1	1	14
1915 1969	7.1	1	14
1916 1968	7.1	1	14
1917 1967	7.1	1	14
1920 1964	7.1	1	14
1921 1963	7.1	1	14
1922 1957	7.1	1	14
1923 1956	7.1	1	14
1924 1955	7.1	1	14
1925 1954	7.1	1	14
1926 1953	7.1	1	14
1927 1952	7.1	1	14
1929 1950	7.1	1	14
1930 1949	7.1	1	14
1931 1948	7.1	1	14
1932 1947	7.1	1	14
1933 1946	7.1	1	14
1934 1945	7.1	1	14
1935 1944	7.1	1	14
1936 1943	7.1	1	14
1937 1942	7.1	1	14
1977 1996	7.1	1	14
1978 1995	7.1	1	14
1979 1994	7.1	1	14
1980 1993	7.1	1	14
1981 1992	7.1	1	14
1982 1991	7.1	1	14
1983 1990	7.1	1	14
1984 1989	7.1	1	14
1999 2020	7.1	1	14
2000 2019	7.1	1	14
2205 2260	7.1	1	14
2206 2259	7.1	1	14
2207 2258	7.1	1	14
2208 2257	7.1	1	14
2763 2867	7.1	1	14
2764 2866	7.1	1	14
2765 2865	7.1	1	14
2768 2862	7.1	1	14
2769 2861	7.1	1	14
2770 2860	7.1	1	14
2771 2859	7.1	1	14
2772 2858	7.1	1	14
2774 2856	7.1	1	14
2775 2855	7.1	1	14
2782 2849	7.1	1	14
2783 2848	7.1	1	14
2784 2847	7.1	1	14
2785 2846	7.1	1	14
2786 2845	7.1	1	14
2787 2844	7.1	1	14
2790 2840	7.1	1	14
2791 2839	7.1	1	14
2792 2838	7.1	1	14
2793 2837	7.1	1	14
2794 2836	7.1	1	14
2795 2835	7.1	1	14
2796 2834	7.1	1	14
2797 2833	7.1	1	14
2798 2832	7.1	1	14
2799 2831	7.1	1	14
2807 2821	7.1	1	14
2808 2820	7.1	1	14
2809 2819	7.1	1	14
2810 2818	7.1	1	14
2811 2817	7.1	1	14
2812 2816	7.1	1	14
3125 3211	7.1	1	14
3128 3208	7.1	1	14
3131 3205	7.1	1	14
3132 3204	7.1	1	14
3133 3203	7.1	1	14
3134 3202	7.1	1	14
3135 3201	7.1	1	14
3136 3200	7.1	1	14
3137 3199	7.1	1	14
3144 3183	7.1	1	14
3148 3182	7.1	1	14
3150 3181	7.1	1	14
3151 3180	7.1	1	14
3152 3179	7.1	1	14
3153 3178	7.1	1	14
3185 3196	7.1	1	14
3186 3195	7.1	1	14
3187 3194	7.1	1	14
3188 3193	7.1	1	14
3214 3281	7.1	1	14
3215 3280	7.1	1	14
3216 3279	7.1	1	14
3217 3278	7.1	1	14
3219 3233	7.1	1	14
3220 3232	7.1	1	14
3221 3231	7.1	1	14
3222 3230	7.1	1	14
3223 3229	7.1	1	14
3224 3228	7.1	1	14
3235 3247	7.1	1	14
3236 3246	7.1	1	14
3237 3245	7.1	1	14
3238 3244	7.1	1	14
3262 3272	7.1	1	14
3263 3271	7.1	1	14
3264 3270	7.1	1	14
5112 5133	7.1	1	14
5113 5132	7.1	1	14
5114 5131	7.1	1	14
5115 5130	7.1	1	14
5116 5129	7.1	1	14
5119 5128	7.1	1	14
5120 5127	7.1	1	14
5121 5126	7.1	1	14
5231 5326	7.1	1	14
5232 5325	7.1	1	14
5234 5323	7.1	1	14
5235 5322	7.1	1	14
5236 5319	7.1	1	14
5238 5317	7.1	1	14
5240 5315	7.1	1	14
5241 5312	7.1	1	14
5242 5311	7.1	1	14
5243 5310	7.1	1	14
5244 5309	7.1	1	14
5246 5307	7.1	1	14
5247 5306	7.1	1	14
5248 5305	7.1	1	14
5249 5304	7.1	1	14
5679 5721	7.1	1	14
5680 5720	7.1	1	14
5682 5719	7.1	1	14
5683 5718	7.1	1	14
5684 5717	7.1	1	14
5685 5716	7.1	1	14
5686 5715	7.1	1	14
5687 5714	7.1	1	14
5688 5713	7.1	1	14
5689 5712	7.1	1	14
5690 5711	7.1	1	14
5693 5706	7.1	1	14
5694 5705	7.1	1	14
5695 5704	7.1	1	14
5696 5703	7.1	1	14
5697 5702	7.1	1	14
5750 5772	7.1	1	14
5751 5771	7.1	1	14
5753 5769	7.1	1	14
5754 5768	7.1	1	14
5755 5767	7.1	1	14
5756 5765	7.1	1	14
5757 5764	7.1	1	14
5758 5763	7.1	1	14
6075 6157	7.1	1	14
6076 6156	7.1	1	14
6077 6155	7.1	1	14
6078 6154	7.1	1	14
6079 6153	7.1	1	14
6081 6151	7.1	1	14
6082 6150	7.1	1	14
6083 6149	7.1	1	14
6086 6146	7.1	1	14
6087 6145	7.1	1	14
6088 6144	7.1	1	14
6781 6908	7.1	1	14
6782 6907	7.1	1	14
6783 6906	7.1	1	14
6784 6905	7.1	1	14
6785 6904	7.1	1	14
6786 6903	7.1	1	14
6787 6902	7.1	1	14
6788 6901	7.1	1	14
6790 6900	7.1	1	14
6791 6899	7.1	1	14
6792 6898	7.1	1	14
6793 6896	7.1	1	14
6794 6895	7.1	1	14
7152 7259	7.1	1	14
7153 7258	7.1	1	14
7154 7257	7.1	1	14
7155 7256	7.1	1	14
7156 7255	7.1	1	14
7157 7254	7.1	1	14
7160 7253	7.1	1	14
7161 7252	7.1	1	14
7177 7251	7.1	1	14
7178 7250	7.1	1	14
7179 7249	7.1	1	14
7180 7248	7.1	1	14
7182 7246	7.1	1	14
7183 7245	7.1	1	14
7188 7242	7.1	1	14
7189 7241	7.1	1	14
7190 7240	7.1	1	14
7191 7239	7.1	1	14
7193 7235	7.1	1	14
7194 7234	7.1	1	14
7195 7233	7.1	1	14
7196 7232	7.1	1	14
7197 7231	7.1	1	14
7198 7230	7.1	1	14
7199 7229	7.1	1	14
7200 7228	7.1	1	14
7201 7227	7.1	1	14
7202 7226	7.1	1	14
7203 7225	7.1	1	14
7204 7223	7.1	1	14
7205 7222	7.1	1	14
7206 7221	7.1	1	14
8008 8095	7.1	1	14
8009 8094	7.1	1	14
8010 8093	7.1	1	14
8013 8090	7.1	1	14
8014 8089	7.1	1	14
8015 8088	7.1	1	14
8016 8087	7.1	1	14
8018 8085	7.1	1	14
8019 8084	7.1	1	14
8039 8050	7.1	1	14
8040 8049	7.1	1	14
137 200	7.1	1	14
138 199	7.1	1	14
139 198	7.1	1	14
140 197	7.1	1	14
141 196	7.1	1	14
142 186	7.1	1	14
143 185	7.1	1	14
144 184	7.1	1	14
145 183	7.1	1	14
146 182	7.1	1	14
148 178	7.1	1	14
149 162	7.1	1	14
150 161	7.1	1	14
151 160	7.1	1	14
152 159	7.1	1	14
153 158	7.1	1	14
223 261	7.1	1	14
224 260	7.1	1	14
225 259	7.1	1	14
226 258	7.1	1	14
227 257	7.1	1	14
228 256	7.1	1	14
230 255	7.1	1	14
231 254	7.1	1	14
232 253	7.1	1	14
233 252	7.1	1	14
234 251	7.1	1	14
236 248	7.1	1	14
237 247	7.1	1	14
274 295	7.1	1	14
275 294	7.1	1	14
276 293	7.1	1	14
277 292	7.1	1	14
278 291	7.1	1	14
279 289	7.1	1	14
280 288	7.1	1	14
281 287	7.1	1	14
1252 1311	7.1	1	14
1446 1465	7.1	1	14
1447 1464	7.1	1	14
1450 1460	7.1	1	14
1451 1459	7.1	1	14
1452 1458	7.1	1	14
1479 1491	7.1	1	14
1480 1490	7.1	1	14
1481 1489	7.1	1	14
1482 1488	7.1	1	14
1493 1545	7.1	1	14
1494 1544	7.1	1	14
1495 1543	7.1	1	14
1496 1541	7.1	1	14
1497 1540	7.1	1	14
1498 1539	7.1	1	14
1499 1538	7.1	1	14
1501 1535	7.1	1	14
1502 1534	7.1	1	14
1503 1533	7.1	1	14
1504 1532	7.1	1	14
1505 1531	7.1	1	14
1506 1530	7.1	1	14
1507 1529	7.1	1	14
1510 1528	7.1	1	14
1511 1527	7.1	1	14
2175 2253	7.1	1	14
2176 2252	7.1	1	14
2177 2251	7.1	1	14
2178 2250	7.1	1	14
2179 2249	7.1	1	14
2180 2248	7.1	1	14
2181 2247	7.1	1	14
2182 2246	7.1	1	14
2184 2244	7.1	1	14
2185 2243	7.1	1	14
2186 2242	7.1	1	14
2187 2241	7.1	1	14
2188 2240	7.1	1	14
2189 2239	7.1	1	14
2190 2238	7.1	1	14
2192 2237	7.1	1	14
2193 2236	7.1	1	14
2194 2235	7.1	1	14
2195 2234	7.1	1	14
2196 2232	7.1	1	14
2197 2231	7.1	1	14
2198 2230	7.1	1	14
2199 2229	7.1	1	14
2200 2228	7.1	1	14
2201 2227	7.1	1	14
2202 2226	7.1	1	14
3627 3728	7.1	1	14
3631 3727	7.1	1	14
3632 3726	7.1	1	14
3633 3725	7.1	1	14
3644 3715	7.1	1	14
3645 3714	7.1	1	14
3648 3660	7.1	1	14
3752 3773	7.1	1	14
3753 3772	7.1	1	14
3754 3771	7.1	1	14
3755 3770	7.1	1	14
3758 3767	7.1	1	14
3759 3766	7.1	1	14
3760 3765	7.1	1	14
4075 4178	7.1	1	14
4076 4177	7.1	1	14
4077 4176	7.1	1	14
4078 4175	7.1	1	14
4079 4174	7.1	1	14
4080 4158	7.1	1	14
4084 4155	7.1	1	14
4085 4154	7.1	1	14
4086 4153	7.1	1	14
4087 4152	7.1	1	14
4088 4151	7.1	1	14
6946 7053	7.1	1	14
6947 7052	7.1	1	14
6949 7050	7.1	1	14
6950 7049	7.1	1	14
6951 7048	7.1	1	14
6952 7046	7.1	1	14
6953 7045	7.1	1	14
6954 7044	7.1	1	14
6955 7043	7.1	1	14
6957 7039	7.1	1	14
6958 7038	7.1	1	14
7638 7673	7.1	1	14
7639 7672	7.1	1	14
7640 7671	7.1	1	14
7641 7670	7.1	1	14
7642 7669	7.1	1	14
7643 7668	7.1	1	14
7644 7667	7.1	1	14
7645 7666	7.1	1	14
7646 7665	7.1	1	14
7648 7663	7.1	1	14
7649 7662	7.1	1	14
7650 7661	7.1	1	14
7651 7660	7.1	1	14
7652 7659	7.1	1	14
7674 7706	7.1	1	14
7675 7705	7.1	1	14
7676 7704	7.1	1	14
7677 7703	7.1	1	14
7679 7701	7.1	1	14
7680 7700	7.1	1	14
7681 7699	7.1	1	14
7682 7698	7.1	1	14
8290 8355	7.1	1	14
8291 8354	7.1	1	14
8292 8353	7.1	1	14
8293 8352	7.1	1	14
8294 8351	7.1	1	14
8295 8350	7.1	1	14
8296 8349	7.1	1	14
8297 8348	7.1	1	14
8298 8332	7.1	1	14
8299 8331	7.1	1	14
8300 8330	7.1	1	14
8301 8329	7.1	1	14
8302 8328	7.1	1	14
8304 8326	7.1	1	14
8305 8325	7.1	1	14
8307 8323	7.1	1	14
9145 9181	7.1	1	14
9146 9180	7.1	1	14
9540 9633	7.1	1	14
9541 9632	7.1	1	14
9542 9631	7.1	1	14
9543 9630	7.1	1	14
9544 9629	7.1	1	14
9545 9628	7.1	1	14
9546 9627	7.1	1	14
9550 9623	7.1	1	14
9552 9621	7.1	1	14
9553 9620	7.1	1	14
9555 9619	7.1	1	14
9556 9618	7.1	1	14
9557 9609	7.1	1	14
9558 9608	7.1	1	14
9559 9607	7.1	1	14
9560 9606	7.1	1	14
9561 9605	7.1	1	14
9562 9604	7.1	1	14
9563 9602	7.1	1	14
9564 9601	7.1	1	14
9568 9597	7.1	1	14
9569 9596	7.1	1	14
9570 9595	7.1	1	14
9571 9594	7.1	1	14
9572 9593	7.1	1	14
9573 9592	7.1	1	14
9574 9591	7.1	1	14
9575 9588	7.1	1	14
9576 9587	7.1	1	14
9577 9586	7.1	1	14
9578 9585	7.1	1	14
9579 9584	7.1	1	14
10237 10313	7.1	1	14
10238 10312	7.1	1	14
10239 10311	7.1	1	14
10240 10310	7.1	1	14
10241 10309	7.1	1	14
10242 10308	7.1	1	14
10243 10307	7.1	1	14
10247 10306	7.1	1	14
10248 10305	7.1	1	14
378 391	7.1	1	14
379 390	7.1	1	14
380 389	7.1	1	14
381 388	7.1	1	14
382 387	7.1	1	14
397 493	7.1	1	14
401 487	7.1	1	14
402 486	7.1	1	14
403 485	7.1	1	14
404 484	7.1	1	14
405 483	7.1	1	14
406 482	7.1	1	14
407 481	7.1	1	14
409 480	7.1	1	14
410 479	7.1	1	14
412 477	7.1	1	14
413 476	7.1	1	14
414 475	7.1	1	14
415 474	7.1	1	14
416 473	7.1	1	14
418 472	7.1	1	14
419 471	7.1	1	14
420 470	7.1	1	14
422 468	7.1	1	14
423 467	7.1	1	14
424 466	7.1	1	14
425 465	7.1	1	14
426 464	7.1	1	14
428 462	7.1	1	14
429 461	7.1	1	14
430 460	7.1	1	14
431 459	7.1	1	14
432 457	7.1	1	14
434 454	7.1	1	14
435 453	7.1	1	14
436 452	7.1	1	14
437 451	7.1	1	14
439 449	7.1	1	14
440 448	7.1	1	14
441 447	7.1	1	14
442 446	7.1	1	14
1369 1396	7.1	1	14
1370 1395	7.1	1	14
1372 1394	7.1	1	14
1373 1393	7.1	1	14
1374 1392	7.1	1	14
1375 1391	7.1	1	14
1376 1390	7.1	1	14
1377 1389	7.1	1	14
1379 1387	7.1	1	14
1380 1386	7.1	1	14
1397 1465	7.1	1	14
1398 1464	7.1	1	14
1399 1463	7.1	1	14
1400 1462	7.1	1	14
1401 1461	7.1	1	14
1402 1458	7.1	1	14
1403 1457	7.1	1	14
1404 1456	7.1	1	14
1405 1455	7.1	1	14
1406 1454	7.1	1	14
1408 1453	7.1	1	14
1409 1452	7.1	1	14
1410 1451	7.1	1	14
1411 1450	7.1	1	14
1412 1449	7.1	1	14
1413 1448	7.1	1	14
1414 1447	7.1	1	14
1415 1446	7.1	1	14
1416 1445	7.1	1	14
1417 1444	7.1	1	14
1418 1443	7.1	1	14
1419 1442	7.1	1	14
1420 1441	7.1	1	14
1423 1434	7.1	1	14
1424 1433	7.1	1	14
1425 1432	7.1	1	14
1557 1663	7.1	1	14
1563 1657	7.1	1	14
1564 1656	7.1	1	14
1565 1655	7.1	1	14
1567 1654	7.1	1	14
1568 1653	7.1	1	14
1569 1652	7.1	1	14
1570 1651	7.1	1	14
1571 1650	7.1	1	14
1572 1649	7.1	1	14
1573 1648	7.1	1	14
1575 1646	7.1	1	14
1576 1645	7.1	1	14
1577 1644	7.1	1	14
1580 1641	7.1	1	14
1581 1640	7.1	1	14
1582 1639	7.1	1	14
1583 1637	7.1	1	14
1584 1636	7.1	1	14
1585 1635	7.1	1	14
1586 1634	7.1	1	14
1588 1631	7.1	1	14
1589 1630	7.1	1	14
1590 1629	7.1	1	14
1591 1628	7.1	1	14
1592 1627	7.1	1	14
1593 1626	7.1	1	14
1594 1625	7.1	1	14
1600 1623	7.1	1	14
1601 1622	7.1	1	14
1602 1621	7.1	1	14
1603 1620	7.1	1	14
1604 1619	7.1	1	14
1605 1618	7.1	1	14
1606 1617	7.1	1	14
1607 1616	7.1	1	14
1608 1615	7.1	1	14
1989 2046	7.1	1	14
1990 2045	7.1	1	14
1991 2044	7.1	1	14
1992 2043	7.1	1	14
1993 2042	7.1	1	14
1994 2041	7.1	1	14
1995 2040	7.1	1	14
1996 2039	7.1	1	14
1997 2038	7.1	1	14
1998 2037	7.1	1	14
2000 2035	7.1	1	14
2002 2034	7.1	1	14
2003 2033	7.1	1	14
2004 2032	7.1	1	14
2005 2031	7.1	1	14
2006 2030	7.1	1	14
2008 2028	7.1	1	14
2009 2027	7.1	1	14
2010 2026	7.1	1	14
2011 2025	7.1	1	14
2012 2024	7.1	1	14
2050 2109	7.1	1	14
2051 2108	7.1	1	14
2052 2107	7.1	1	14
2053 2106	7.1	1	14
2054 2105	7.1	1	14
2057 2102	7.1	1	14
2058 2100	7.1	1	14
2059 2099	7.1	1	14
2061 2097	7.1	1	14
2062 2096	7.1	1	14
2063 2095	7.1	1	14
2065 2092	7.1	1	14
2066 2091	7.1	1	14
2067 2090	7.1	1	14
2068 2089	7.1	1	14
2069 2085	7.1	1	14
2070 2084	7.1	1	14
2071 2083	7.1	1	14
2072 2082	7.1	1	14
2073 2081	7.1	1	14
2074 2080	7.1	1	14
2510 2574	7.1	1	14
2511 2573	7.1	1	14
2512 2572	7.1	1	14
2513 2571	7.1	1	14
2514 2570	7.1	1	14
2515 2569	7.1	1	14
2517 2567	7.1	1	14
2519 2566	7.1	1	14
2520 2565	7.1	1	14
2521 2564	7.1	1	14
2522 2563	7.1	1	14
2523 2562	7.1	1	14
2524 2561	7.1	1	14
2525 2560	7.1	1	14
2851 2891	7.1	1	14
2852 2890	7.1	1	14
2853 2889	7.1	1	14
2854 2888	7.1	1	14
2855 2887	7.1	1	14
2856 2886	7.1	1	14
2858 2884	7.1	1	14
2859 2883	7.1	1	14
2860 2882	7.1	1	14
2861 2881	7.1	1	14
2862 2880	7.1	1	14
2863 2879	7.1	1	14
2864 2878	7.1	1	14
2865 2877	7.1	1	14
2867 2875	7.1	1	14
2868 2874	7.1	1	14
2869 2873	7.1	1	14
2895 2964	7.1	1	14
2896 2963	7.1	1	14
2897 2961	7.1	1	14
2898 2960	7.1	1	14
2899 2959	7.1	1	14
2900 2958	7.1	1	14
2901 2957	7.1	1	14
2902 2956	7.1	1	14
2903 2955	7.1	1	14
2919 2954	7.1	1	14
2920 2953	7.1	1	14
2921 2952	7.1	1	14
2922 2951	7.1	1	14
2923 2950	7.1	1	14
2924 2949	7.1	1	14
2925 2948	7.1	1	14
2926 2944	7.1	1	14
2927 2943	7.1	1	14
2928 2942	7.1	1	14
2929 2941	7.1	1	14
2930 2940	7.1	1	14
2931 2939	7.1	1	14
2932 2938	7.1	1	14
4179 4266	7.1	1	14
4180 4265	7.1	1	14
4181 4264	7.1	1	14
4182 4261	7.1	1	14
4183 4260	7.1	1	14
4184 4259	7.1	1	14
4185 4258	7.1	1	14
4186 4257	7.1	1	14
4187 4256	7.1	1	14
4188 4255	7.1	1	14
4189 4254	7.1	1	14
4190 4249	7.1	1	14
4191 4248	7.1	1	14
4195 4247	7.1	1	14
4196 4246	7.1	1	14
4197 4245	7.1	1	14
4198 4244	7.1	1	14
4200 4242	7.1	1	14
4201 4241	7.1	1	14
4202 4240	7.1	1	14
4203 4239	7.1	1	14
5407 5438	7.1	1	14
5408 5437	7.1	1	14
5409 5436	7.1	1	14
5410 5435	7.1	1	14
5411 5434	7.1	1	14
5412 5433	7.1	1	14
5417 5428	7.1	1	14
5418 5427	7.1	1	14
5419 5426	7.1	1	14
5420 5425	7.1	1	14
5734 5750	7.1	1	14
5735 5749	7.1	1	14
5736 5748	7.1	1	14
5737 5747	7.1	1	14
5738 5746	7.1	1	14
5739 5745	7.1	1	14
5740 5744	7.1	1	14
5763 5822	7.1	1	14
5764 5821	7.1	1	14
5765 5820	7.1	1	14
5769 5816	7.1	1	14
5770 5815	7.1	1	14
5771 5814	7.1	1	14
5774 5813	7.1	1	14
5775 5812	7.1	1	14
5776 5811	7.1	1	14
5777 5810	7.1	1	14
5778 5809	7.1	1	14
5779 5808	7.1	1	14
5782 5805	7.1	1	14
5783 5804	7.1	1	14
5784 5803	7.1	1	14
5785 5802	7.1	1	14
5786 5801	7.1	1	14
5787 5800	7.1	1	14
5788 5799	7.1	1	14
5790 5797	7.1	1	14
5791 5796	7.1	1	14
5931 5949	7.1	1	14
5932 5948	7.1	1	14
5933 5947	7.1	1	14
5934 5944	7.1	1	14
5935 5940	7.1	1	14
5952 5984	7.1	1	14
5953 5983	7.1	1	14
5954 5982	7.1	1	14
5955 5981	7.1	1	14
5958 5979	7.1	1	14
5959 5978	7.1	1	14
5960 5977	7.1	1	14
5961 5976	7.1	1	14
5962 5975	7.1	1	14
5963 5974	7.1	1	14
5964 5973	7.1	1	14
5965 5972	7.1	1	14
5986 6028	7.1	1	14
5987 6027	7.1	1	14
5988 6026	7.1	1	14
5989 6025	7.1	1	14
5990 6024	7.1	1	14
5991 6023	7.1	1	14
5992 6022	7.1	1	14
5993 6021	7.1	1	14
5994 6020	7.1	1	14
5995 6019	7.1	1	14
6057 6157	7.1	1	14
6058 6156	7.1	1	14
6059 6155	7.1	1	14
6063 6150	7.1	1	14
6064 6149	7.1	1	14
6065 6148	7.1	1	14
6070 6147	7.1	1	14
6071 6146	7.1	1	14
6072 6145	7.1	1	14
6073 6144	7.1	1	14
6074 6142	7.1	1	14
6075 6141	7.1	1	14
6076 6140	7.1	1	14
6077 6139	7.1	1	14
6078 6135	7.1	1	14
6079 6134	7.1	1	14
6080 6133	7.1	1	14
6081 6132	7.1	1	14
6083 6131	7.1	1	14
6084 6130	7.1	1	14
6085 6129	7.1	1	14
6088 6126	7.1	1	14
6089 6125	7.1	1	14
6090 6124	7.1	1	14
6091 6123	7.1	1	14
6092 6122	7.1	1	14
6214 6323	7.1	1	14
6215 6322	7.1	1	14
6218 6319	7.1	1	14
6219 6317	7.1	1	14
6220 6316	7.1	1	14
6223 6315	7.1	1	14
6224 6314	7.1	1	14
6225 6313	7.1	1	14
6226 6312	7.1	1	14
6227 6311	7.1	1	14
6229 6309	7.1	1	14
6230 6308	7.1	1	14
6231 6307	7.1	1	14
7686 7757	7.1	1	14
7687 7756	7.1	1	14
7689 7755	7.1	1	14
10360 10469	7.1	1	14
10361 10468	7.1	1	14
10891 10906	7.1	1	14
10892 10905	7.1	1	14
10893 10904	7.1	1	14
10894 10903	7.1	1	14
10895 10902	7.1	1	14
10896 10901	7.1	1	14
10907 10943	7.1	1	14
10908 10942	7.1	1	14
10909 10941	7.1	1	14
10910 10940	7.1	1	14
10913 10937	7.1	1	14
10914 10936	7.1	1	14
10915 10935	7.1	1	14
10916 10934	7.1	1	14
10917 10933	7.1	1	14
10920 10931	7.1	1	14
10921 10930	7.1	1	14
10922 10929	7.1	1	14
10944 10963	7.1	1	14
10945 10962	7.1	1	14
10946 10961	7.1	1	14
10947 10960	7.1	1	14
10948 10959	7.1	1	14
10949 10958	7.1	1	14
10950 10957	7.1	1	14
10951 10956	7.1	1	14
10964 10993	7.1	1	14
10965 10992	7.1	1	14
10966 10991	7.1	1	14
10967 10990	7.1	1	14
10968 10989	7.1	1	14
10970 10988	7.1	1	14
10971 10987	7.1	1	14
10972 10986	7.1	1	14
10975 10983	7.1	1	14
10976 10982	7.1	1	14
10977 10981	7.1	1	14
11067 11092	7.1	1	14
11068 11091	7.1	1	14
11070 11090	7.1	1	14
11071 11089	7.1	1	14
11072 11088	7.1	1	14
11073 11087	7.1	1	14
11074 11086	7.1	1	14
11075 11085	7.1	1	14
11093 11115	7.1	1	14
11094 11114	7.1	1	14
11095 11113	7.1	1	14
11096 11112	7.1	1	14
11097 11111	7.1	1	14
11098 11110	7.1	1	14
11099 11109	7.1	1	14
11119 11150	7.1	1	14
11120 11149	7.1	1	14
11121 11148	7.1	1	14
11122 11147	7.1	1	14
11123 11146	7.1	1	14
11124 11145	7.1	1	14
11125 11144	7.1	1	14
11126 11143	7.1	1	14
11127 11142	7.1	1	14
11128 11141	7.1	1	14
11129 11140	7.1	1	14
11131 11138	7.1	1	14
11132 11137	7.1	1	14
11157 11174	7.1	1	14
11158 11173	7.1	1	14
11159 11172	7.1	1	14
11160 11171	7.1	1	14
11161 11170	7.1	1	14
11228 11176	7.1	1	14
11227 11177	7.1	1	14
11226 11178	7.1	1	14
11225 11179	7.1	1	14
11224 11180	7.1	1	14
11223 11181	7.1	1	14
11222 11182	7.1	1	14
11219 11185	7.1	1	14
11218 11186	7.1	1	14
11217 11187	7.1	1	14
11216 11188	7.1	1	14
11212 11193	7.1	1	14
11211 11194	7.1	1	14
11210 11195	7.1	1	14
11209 11196	7.1	1	14
11197 11208	7.1	1	14
11251 11233	7.1	1	14
11250 11234	7.1	1	14
11249 11235	7.1	1	14
11248 11236	7.1	1	14
11247 11237	7.1	1	14
11246 11238	7.1	1	14
11319 11252	7.1	1	14
11310 11260	7.1	1	14
11309 11261	7.1	1	14
11308 11262	7.1	1	14
11307 11263	7.1	1	14
11306 11264	7.1	1	14
11287 11270	7.1	1	14
